
%liczba neuronów ukrytych: 3, liczba wejœæ sieci: 4
%wejœcie 1: u(k-4)
%wejœcie 2: u(k-5)
%wejœcie 3: y(k-1)
%wejœcie 4: y(k-2)
%uczenie w trybie OE
w10(1,1)=5.1459709165e-001; w1(1,1)=-1.0041964410e-002; w1(1,2)=2.7067618848e-001; w1(1,3)=-1.6755308532e-001; w1(1,4)=-2.1927884629e-001; 
w10(2,1)=2.6958006440e-001; w1(2,1)=1.8030149196e+000; w1(2,2)=1.4246802875e+000; w1(2,3)=-7.2150241890e-001; w1(2,4)=1.0582582800e+000; 
w10(3,1)=5.0690116681e-001; w1(3,1)=4.9290446883e-001; w1(3,2)=2.8064009686e-001; w1(3,3)=-7.5341077403e-002; w1(3,4)=5.8497929586e-001; 
w20=6.4211784614e-001; w2(1)=-1.9199489105e+000; w2(2)=-1.7829716823e-001; w2(3)=6.6913106763e-001; 

