
%liczba neuronów ukrytych: 10, liczba wejœæ sieci: 4
%wejœcie 1: u(k-4)
%wejœcie 2: u(k-5)
%wejœcie 3: y(k-1)
%wejœcie 4: y(k-2)
%uczenie w trybie OE
w10(1,1)=-7.8208661319e-001; w1(1,1)=1.5058659161e+000; w1(1,2)=4.6014906438e-001; w1(1,3)=-3.3916337023e-001; w1(1,4)=7.8199352326e-001; 
w10(2,1)=2.1165463143e+000; w1(2,1)=-3.0600821451e-001; w1(2,2)=1.8630533050e+000; w1(2,3)=-1.2289330638e+000; w1(2,4)=-9.2478962909e-001; 
w10(3,1)=-6.1699880389e-001; w1(3,1)=4.2001155523e-001; w1(3,2)=1.7912138007e+000; w1(3,3)=-1.0067251613e-001; w1(3,4)=-7.2125507251e-001; 
w10(4,1)=1.0971996531e+000; w1(4,1)=3.9303368523e-002; w1(4,2)=-8.7817099461e-002; w1(4,3)=-5.0558366050e-001; w1(4,4)=-8.9397419882e-002; 
w10(5,1)=-2.0241077812e-001; w1(5,1)=4.9363011678e-001; w1(5,2)=1.3408347322e+000; w1(5,3)=1.4656121418e+000; w1(5,4)=6.5636874242e-001; 
w10(6,1)=1.5622398075e+000; w1(6,1)=-4.9466361115e-001; w1(6,2)=6.9436986494e-001; w1(6,3)=-6.1592012111e-001; w1(6,4)=-2.5786683719e-001; 
w10(7,1)=3.0115498156e-001; w1(7,1)=4.8522366543e-001; w1(7,2)=1.4116339075e+000; w1(7,3)=5.8276327912e-001; w1(7,4)=2.8672827493e-001; 
w10(8,1)=1.8286024450e+000; w1(8,1)=-1.0322574387e+000; w1(8,2)=3.3052895704e-001; w1(8,3)=1.1375977062e+000; w1(8,4)=-1.6654579152e-001; 
w10(9,1)=2.6060694936e-003; w1(9,1)=2.4997520878e-001; w1(9,2)=2.1990273441e+000; w1(9,3)=-1.1500897505e-001; w1(9,4)=2.5643869775e-001; 
w10(10,1)=2.7262036598e-001; w1(10,1)=2.6047415396e-001; w1(10,2)=-1.7024903541e-001; w1(10,3)=6.0138685926e-001; w1(10,4)=8.5151456622e-001; 
w20=1.6766719848e+000; w2(1)=-1.5071085362e-001; w2(2)=-9.0979617846e-002; w2(3)=1.5351917305e-001; w2(4)=-1.3919739071e+000; w2(5)=2.2035053570e-002; w2(6)=-8.8740582857e-002; w2(7)=1.1013811024e-002; w2(8)=-5.7869777429e-001; w2(9)=-2.5011065567e-001; w2(10)=5.3348131566e-001; 

