
%liczba neuronów ukrytych: 2, liczba wejœæ sieci: 4
%wejœcie 1: u(k-4)
%wejœcie 2: u(k-5)
%wejœcie 3: y(k-1)
%wejœcie 4: y(k-2)
%uczenie w trybie OE
w10(1,1)=4.0103538940e-001; w1(1,1)=5.2962448464e-001; w1(1,2)=-1.3703615643e+001; w1(1,3)=-1.3319266183e+001; w1(1,4)=1.0311670756e+001; 
w10(2,1)=-6.2725245964e-001; w1(2,1)=-1.3629727219e-001; w1(2,2)=1.2365298369e-001; w1(2,3)=6.1699467306e-001; w1(2,4)=-1.1739067065e-001; 
w20=1.1663359685e+000; w2(1)=1.3552577308e-001; w2(2)=2.1055276285e+000; 

