
%liczba neuronów ukrytych: 8, liczba wejœæ sieci: 4
%wejœcie 1: u(k-4)
%wejœcie 2: u(k-5)
%wejœcie 3: y(k-1)
%wejœcie 4: y(k-2)
%uczenie w trybie OE
w10(1,1)=5.5373736884e-002; w1(1,1)=2.9654068259e-001; w1(1,2)=-5.3999544351e-001; w1(1,3)=1.6265677122e-001; w1(1,4)=1.1500190695e+000; 
w10(2,1)=1.5354791906e-001; w1(2,1)=2.0968526208e+000; w1(2,2)=-9.0388328284e-001; w1(2,3)=9.8452923273e-001; w1(2,4)=-2.5728858006e+000; 
w10(3,1)=7.9518623573e-002; w1(3,1)=2.0452988346e-001; w1(3,2)=-5.2557505845e+000; w1(3,3)=3.0439908501e-001; w1(3,4)=-2.7898480779e-001; 
w10(4,1)=5.4572616237e-001; w1(4,1)=-2.0126422052e-001; w1(4,2)=-5.1677196143e-001; w1(4,3)=7.7409945958e-001; w1(4,4)=4.2904495553e-001; 
w10(5,1)=1.4639765669e+000; w1(5,1)=5.5463065964e-002; w1(5,2)=-8.2512009524e-002; w1(5,3)=-7.8821323490e-001; w1(5,4)=-3.0199495830e-002; 
w10(6,1)=-2.6272691813e+000; w1(6,1)=1.1375617849e+000; w1(6,2)=-6.6422468248e-001; w1(6,3)=-1.7078170149e+000; w1(6,4)=5.1815171085e-001; 
w10(7,1)=-1.0495424167e+000; w1(7,1)=1.1119936349e-001; w1(7,2)=1.7809440558e+000; w1(7,3)=-7.9673204042e-002; w1(7,4)=-1.4653611324e+000; 
w10(8,1)=2.2108508492e-001; w1(8,1)=-1.1642528249e+000; w1(8,2)=-1.9965912554e+000; w1(8,3)=-2.7691590608e-001; w1(8,4)=-6.0811048974e-002; 
w20=1.9228053445e+000; w2(1)=1.0587873755e+000; w2(2)=1.7335114604e-001; w2(3)=-1.3667925396e-001; w2(4)=-1.3935317219e-001; w2(5)=-1.1410565274e+000; w2(6)=7.9422665357e-001; w2(7)=2.8615444040e-001; w2(8)=4.7105619411e-001; 

