
%liczba neuronów ukrytych: 1, liczba wejœæ sieci: 4
%wejœcie 1: u(k-4)
%wejœcie 2: u(k-5)
%wejœcie 3: y(k-1)
%wejœcie 4: y(k-2)
%uczenie w trybie OE
w10(1,1)=5.0037834588e-001; w1(1,1)=7.7239580889e-002; w1(1,2)=1.4819350267e-001; w1(1,3)=7.2380327297e-003; w1(1,4)=-4.0325474943e-001; 
w20=1.0820839935e+000; w2(1)=-2.3262479540e+000; 

