
%liczba neuronów ukrytych: 1, liczba wejœæ sieci: 4
%wejœcie 1: u(k-4)
%wejœcie 2: u(k-5)
%wejœcie 3: y(k-1)
%wejœcie 4: y(k-2)
%uczenie w trybie OE
w10(1,1)=5.7232079146e-001; w1(1,1)=5.5002404388e-002; w1(1,2)=2.0243345254e-001; w1(1,3)=6.1306316405e-003; w1(1,4)=-4.8460602828e-001; 
w20=1.0470824565e+000; w2(1)=-2.0119696341e+000; 

