
%liczba neuronów ukrytych: 7, liczba wejœæ sieci: 4
%wejœcie 1: u(k-4)
%wejœcie 2: u(k-5)
%wejœcie 3: y(k-1)
%wejœcie 4: y(k-2)
%uczenie w trybie OE
w10(1,1)=-2.1988722365e-001; w1(1,1)=-1.7331588059e+000; w1(1,2)=-1.9853381025e+000; w1(1,3)=-6.7954965693e-001; w1(1,4)=4.9087481313e-001; 
w10(2,1)=6.3079156105e-001; w1(2,1)=-1.0207648447e+000; w1(2,2)=2.0439015029e+000; w1(2,3)=-1.3624698711e-001; w1(2,4)=-2.4497172951e-001; 
w10(3,1)=-9.8743947675e-001; w1(3,1)=1.4145586648e-001; w1(3,2)=1.5905728765e-001; w1(3,3)=6.1979510217e-001; w1(3,4)=3.9986824118e-002; 
w10(4,1)=7.9519244436e-001; w1(4,1)=-7.7685558169e-001; w1(4,2)=-1.1659474650e+000; w1(4,3)=-1.2648240276e+000; w1(4,4)=6.4176887436e-001; 
w10(5,1)=1.0521613249e-001; w1(5,1)=4.1144795537e-001; w1(5,2)=-7.8764237416e-001; w1(5,3)=-4.4418504922e-001; w1(5,4)=1.4260064465e+000; 
w10(6,1)=7.9620283400e-001; w1(6,1)=-4.0249558219e-001; w1(6,2)=-7.2576797531e-001; w1(6,3)=3.4783043426e-001; w1(6,4)=3.8259606557e-001; 
w10(7,1)=-8.2630313139e-001; w1(7,1)=8.8180279738e-002; w1(7,2)=-1.0232432424e+000; w1(7,3)=-1.8597471755e+000; w1(7,4)=2.5848595046e-001; 
w20=1.0057414118e+000; w2(1)=1.2015079625e-001; w2(2)=-3.1643381967e-001; w2(3)=1.3749151886e+000; w2(4)=3.8475766450e-001; w2(5)=3.9680717226e-001; w2(6)=-4.5903540252e-001; w2(7)=-3.5995377952e-001; 

