
%liczba neuronów ukrytych: 9, liczba wejœæ sieci: 4
%wejœcie 1: u(k-4)
%wejœcie 2: u(k-5)
%wejœcie 3: y(k-1)
%wejœcie 4: y(k-2)
%uczenie w trybie OE
w10(1,1)=-9.0259503614e-002; w1(1,1)=-6.3959735859e-001; w1(1,2)=4.6123744227e-001; w1(1,3)=4.1709921731e-002; w1(1,4)=-1.0071738824e+000; 
w10(2,1)=1.1733038461e+000; w1(2,1)=-3.5760836840e-001; w1(2,2)=2.9652134974e-001; w1(2,3)=7.6845471816e-001; w1(2,4)=8.0442219879e-001; 
w10(3,1)=-9.0686398190e-001; w1(3,1)=4.5728453155e-001; w1(3,2)=-1.0513896230e+000; w1(3,3)=8.9334040032e-001; w1(3,4)=-3.7673894689e-001; 
w10(4,1)=1.2068174352e+000; w1(4,1)=1.5049181745e+000; w1(4,2)=2.5433102103e+000; w1(4,3)=5.9622408288e-001; w1(4,4)=1.0359025747e+000; 
w10(5,1)=1.0724761703e+000; w1(5,1)=1.0741291710e+000; w1(5,2)=2.5758512289e-001; w1(5,3)=-8.0891665161e-002; w1(5,4)=6.9450045316e-001; 
w10(6,1)=-1.4900300439e+000; w1(6,1)=-3.3319701580e-001; w1(6,2)=3.9954757712e-001; w1(6,3)=5.3982429969e-001; w1(6,4)=1.0077116980e-001; 
w10(7,1)=-1.6551476205e+000; w1(7,1)=-9.0000245559e-001; w1(7,2)=-8.5116709066e-001; w1(7,3)=-6.0234101541e-001; w1(7,4)=-7.0367596137e-001; 
w10(8,1)=4.3943897547e-001; w1(8,1)=7.4802578441e-001; w1(8,2)=1.8457021723e+000; w1(8,3)=-7.1744524769e-001; w1(8,4)=3.6877066044e-001; 
w10(9,1)=-9.1608054127e-001; w1(9,1)=5.0096707901e-002; w1(9,2)=2.9663832621e-001; w1(9,3)=3.9528088068e-003; w1(9,4)=5.2865224463e-001; 
w20=1.0669118098e+000; w2(1)=-3.8736446731e-001; w2(2)=9.2756143556e-002; w2(3)=5.6132989341e-001; w2(4)=1.1176120132e-001; w2(5)=-3.0647825058e-001; w2(6)=8.5610280123e-001; w2(7)=-4.2572496591e-001; w2(8)=-2.2708889930e-001; w2(9)=2.1428211865e-001; 

