
%liczba neuronów ukrytych: 9, liczba wejœæ sieci: 4
%wejœcie 1: u(k-4)
%wejœcie 2: u(k-5)
%wejœcie 3: y(k-1)
%wejœcie 4: y(k-2)
%uczenie w trybie OE
w10(1,1)=4.4641158936e-001; w1(1,1)=6.9727987650e-001; w1(1,2)=-7.2663845948e-001; w1(1,3)=-2.0893602706e+000; w1(1,4)=1.3890938925e-001; 
w10(2,1)=-1.7523593393e-001; w1(2,1)=2.3471131692e-001; w1(2,2)=2.2271685811e-001; w1(2,3)=4.9617702902e-002; w1(2,4)=7.7743902070e-001; 
w10(3,1)=-8.3520717187e-001; w1(3,1)=4.2323632850e-001; w1(3,2)=3.3796141331e-001; w1(3,3)=-4.8592288627e-001; w1(3,4)=-5.6990493493e-002; 
w10(4,1)=-7.5949645705e-001; w1(4,1)=4.4585499236e-001; w1(4,2)=2.9819127099e-001; w1(4,3)=1.4610901478e+000; w1(4,4)=-5.7260249706e-002; 
w10(5,1)=-1.0369949990e-002; w1(5,1)=-1.2202800839e+000; w1(5,2)=6.1686257662e-001; w1(5,3)=-1.4293922893e+000; w1(5,4)=-1.7267606390e+000; 
w10(6,1)=2.6153387056e+000; w1(6,1)=-1.2512133151e+000; w1(6,2)=9.3801537978e-001; w1(6,3)=-1.3340013859e+000; w1(6,4)=-1.6982928258e-002; 
w10(7,1)=-1.1467161949e-001; w1(7,1)=6.0988129086e-001; w1(7,2)=1.6979680620e+000; w1(7,3)=2.0201493047e+000; w1(7,4)=5.3993074179e-001; 
w10(8,1)=-4.4006002119e-001; w1(8,1)=1.4261782802e+000; w1(8,2)=7.4150221878e-001; w1(8,3)=1.6027418859e-001; w1(8,4)=2.5775369365e-001; 
w10(9,1)=2.7685022289e-001; w1(9,1)=6.1533546736e-002; w1(9,2)=3.4989597951e-001; w1(9,3)=-6.3761174276e-001; w1(9,4)=-6.7637020956e-002; 
w20=1.4818251240e+000; w2(1)=6.5095336802e-002; w2(2)=7.5147099609e-001; w2(3)=1.2495395526e+000; w2(4)=-1.3162261450e-002; w2(5)=-1.5440956667e-001; w2(6)=-4.6328637358e-001; w2(7)=-1.3774711278e-001; w2(8)=-4.6712298045e-001; w2(9)=-1.0668829606e+000; 

