
%liczba neuronów ukrytych: 10, liczba wejœæ sieci: 4
%wejœcie 1: u(k-4)
%wejœcie 2: u(k-5)
%wejœcie 3: y(k-1)
%wejœcie 4: y(k-2)
%uczenie w trybie OE
w10(1,1)=-1.3446645669e-001; w1(1,1)=-6.2633968791e-001; w1(1,2)=2.5378900485e-002; w1(1,3)=-1.7421354947e-001; w1(1,4)=-4.8931119668e-001; 
w10(2,1)=1.8252658129e-001; w1(2,1)=-8.9082845156e-001; w1(2,2)=-2.3262500915e+000; w1(2,3)=-8.5976479315e-001; w1(2,4)=2.5259041875e-001; 
w10(3,1)=9.7381959271e-001; w1(3,1)=-7.3057403806e-001; w1(3,2)=-3.3084575543e-001; w1(3,3)=5.6625365049e-002; w1(3,4)=1.2377686585e-001; 
w10(4,1)=-1.2941027855e-001; w1(4,1)=4.4935943796e-001; w1(4,2)=2.0371143974e-001; w1(4,3)=-5.3885234236e-001; w1(4,4)=-3.5116264054e-001; 
w10(5,1)=-4.5753643309e-001; w1(5,1)=3.5824735677e-001; w1(5,2)=-7.2496494329e-001; w1(5,3)=8.7290245021e-001; w1(5,4)=8.0279853713e-002; 
w10(6,1)=-1.7974320813e+000; w1(6,1)=2.4198535732e+000; w1(6,2)=-1.6210723532e+000; w1(6,3)=1.7958508786e+000; w1(6,4)=8.6116746651e-001; 
w10(7,1)=-1.4351917738e+000; w1(7,1)=-1.1147317864e-002; w1(7,2)=1.9970209919e-002; w1(7,3)=7.2360301711e-001; w1(7,4)=-5.5955012806e-002; 
w10(8,1)=-9.4959031325e-002; w1(8,1)=2.5809405258e-001; w1(8,2)=4.0252590929e+000; w1(8,3)=1.3291094549e+000; w1(8,4)=-3.3034338315e-001; 
w10(9,1)=5.9085582939e-001; w1(9,1)=-5.6289466595e-001; w1(9,2)=7.4799106689e-001; w1(9,3)=2.2303408205e+000; w1(9,4)=8.5342804299e-001; 
w10(10,1)=-7.3231022870e-001; w1(10,1)=9.0164561079e-001; w1(10,2)=9.4301641443e-001; w1(10,3)=-2.5699749824e-001; w1(10,4)=-3.2533061488e-001; 
w20=1.0082578327e+000; w2(1)=-3.2157626943e-001; w2(2)=4.5891334145e-001; w2(3)=4.3679772980e-001; w2(4)=8.9265328033e-002; w2(5)=6.4917726325e-001; w2(6)=-2.3749790888e-002; w2(7)=1.1290581332e+000; w2(8)=1.7536581045e-001; w2(9)=1.2823160745e-001; w2(10)=3.8157614057e-001; 

