
%liczba neuronów ukrytych: 10, liczba wejœæ sieci: 4
%wejœcie 1: u(k-4)
%wejœcie 2: u(k-5)
%wejœcie 3: y(k-1)
%wejœcie 4: y(k-2)
%uczenie w trybie OE
w10(1,1)=-3.6973055880e-001; w1(1,1)=1.5448787658e+000; w1(1,2)=5.1991967815e-001; w1(1,3)=-7.7838414787e-001; w1(1,4)=-6.0995990771e-001; 
w10(2,1)=-9.2071257219e-001; w1(2,1)=4.3944638267e-001; w1(2,2)=-6.2089258880e-001; w1(2,3)=1.7574487518e-001; w1(2,4)=4.6968998279e-001; 
w10(3,1)=-3.5174298080e-001; w1(3,1)=8.5577714935e-001; w1(3,2)=4.3990033642e-001; w1(3,3)=-1.4295697048e-001; w1(3,4)=3.7480043093e-001; 
w10(4,1)=1.3367251280e-001; w1(4,1)=8.5464664383e-001; w1(4,2)=1.7160324936e-001; w1(4,3)=-6.2949899008e-002; w1(4,4)=6.6754091060e-001; 
w10(5,1)=1.3438102018e+000; w1(5,1)=1.5183308584e+000; w1(5,2)=2.8993987091e+000; w1(5,3)=6.1004014731e-001; w1(5,4)=7.0896677827e-001; 
w10(6,1)=1.4506464936e+000; w1(6,1)=-8.2272474323e-001; w1(6,2)=-1.7711776370e+000; w1(6,3)=4.4087058577e-001; w1(6,4)=2.0344988975e-001; 
w10(7,1)=2.2378297306e-001; w1(7,1)=1.2133892894e-001; w1(7,2)=-2.3254537365e-002; w1(7,3)=7.2628073632e-001; w1(7,4)=7.5070272291e-001; 
w10(8,1)=-9.9993159200e-001; w1(8,1)=7.0843565186e-001; w1(8,2)=5.0836952885e-001; w1(8,3)=-5.0382626744e-001; w1(8,4)=-1.6531789687e-001; 
w10(9,1)=1.6332687495e+000; w1(9,1)=-3.8081379912e-001; w1(9,2)=-3.3210421303e-001; w1(9,3)=-6.2938073809e-001; w1(9,4)=-1.7560741607e-002; 
w10(10,1)=-6.5767730403e-002; w1(10,1)=1.0792701530e+000; w1(10,2)=1.3626068467e+000; w1(10,3)=9.4198721697e-002; w1(10,4)=9.6288422438e-002; 
w20=1.3940503143e+000; w2(1)=1.2704494591e-001; w2(2)=9.1042571818e-001; w2(3)=-8.9992196573e-001; w2(4)=3.8153069577e-001; w2(5)=-7.8039893173e-003; w2(6)=-1.4763351244e-001; w2(7)=5.1038956191e-001; w2(8)=2.4604166164e-001; w2(9)=-9.0434201453e-001; w2(10)=-1.1095770757e-001; 

