
%liczba neuronów ukrytych: 2, liczba wejœæ sieci: 4
%wejœcie 1: u(k-4)
%wejœcie 2: u(k-5)
%wejœcie 3: y(k-1)
%wejœcie 4: y(k-2)
%uczenie w trybie OE
w10(1,1)=5.3493781813e-001; w1(1,1)=6.4630256430e-002; w1(1,2)=-4.3078469855e-002; w1(1,3)=-5.7217472948e-001; w1(1,4)=1.2970695004e-001; 
w10(2,1)=-3.0566691968e-001; w1(2,1)=5.9285036424e+000; w1(2,2)=1.1972617852e+001; w1(2,3)=1.9913640489e+001; w1(2,4)=-1.5967475527e+001; 
w20=1.1449582708e+000; w2(1)=-2.3518977433e+000; w2(2)=-8.8303857725e-002; 

