
%liczba neuronów ukrytych: 4, liczba wejœæ sieci: 4
%wejœcie 1: u(k-4)
%wejœcie 2: u(k-5)
%wejœcie 3: y(k-1)
%wejœcie 4: y(k-2)
%uczenie w trybie OE
w10(1,1)=-2.9247867846e-001; w1(1,1)=4.0469228398e-001; w1(1,2)=-3.0711555174e+000; w1(1,3)=1.0126161931e+000; w1(1,4)=-1.2076056084e+000; 
w10(2,1)=-1.0638130431e+000; w1(2,1)=1.4250011402e-001; w1(2,2)=-6.4057422167e-001; w1(2,3)=-1.2603575268e+000; w1(2,4)=4.8090690699e-001; 
w10(3,1)=-4.3123502536e-001; w1(3,1)=8.3742770399e-001; w1(3,2)=-1.7115329848e+000; w1(3,3)=1.0935994718e+000; w1(3,4)=-1.4393490613e+000; 
w10(4,1)=-5.2669494583e-001; w1(4,1)=2.5856900553e-001; w1(4,2)=-5.5418457421e-001; w1(4,3)=3.9069591337e-001; w1(4,4)=-3.0271515631e-002; 
w20=3.9845090250e-001; w2(1)=2.0051229022e-001; w2(2)=-5.0118312629e-001; w2(3)=-5.8076656573e-001; w2(4)=2.0129877862e+000; 

