
%liczba neuronów ukrytych: 2, liczba wejœæ sieci: 4
%wejœcie 1: u(k-4)
%wejœcie 2: u(k-5)
%wejœcie 3: y(k-1)
%wejœcie 4: y(k-2)
%uczenie w trybie OE
w10(1,1)=5.3961761045e-001; w1(1,1)=6.1075564490e-002; w1(1,2)=-3.6793706588e-002; w1(1,3)=-5.5096847774e-001; w1(1,4)=1.0839156027e-001; 
w10(2,1)=2.8058512200e-001; w1(2,1)=-5.1142102236e+000; w1(2,2)=-1.2748497106e+001; w1(2,3)=-1.7547333601e+001; w1(2,4)=1.3643069030e+001; 
w20=1.1506540517e+000; w2(1)=-2.3426747662e+000; w2(2)=9.1171206965e-002; 

