
%liczba neuronów ukrytych: 7, liczba wejœæ sieci: 4
%wejœcie 1: u(k-4)
%wejœcie 2: u(k-5)
%wejœcie 3: y(k-1)
%wejœcie 4: y(k-2)
%uczenie w trybie OE
w10(1,1)=-3.5254879252e-002; w1(1,1)=8.0315791197e-001; w1(1,2)=-3.6584449191e-001; w1(1,3)=-1.7039266043e-001; w1(1,4)=5.5560833286e-001; 
w10(2,1)=-6.6126307904e-001; w1(2,1)=4.5550374413e-001; w1(2,2)=3.9372039730e-001; w1(2,3)=6.4212510749e-001; w1(2,4)=-6.7206902602e-001; 
w10(3,1)=-2.2040045332e-001; w1(3,1)=-9.0820203152e-003; w1(3,2)=1.3532022324e-001; w1(3,3)=-3.6762878652e-001; w1(3,4)=7.0273398456e-001; 
w10(4,1)=-1.6852218950e-001; w1(4,1)=-1.7703156374e+000; w1(4,2)=-4.1339831478e+000; w1(4,3)=-2.0161036318e-001; w1(4,4)=-8.1554088478e-001; 
w10(5,1)=6.2124266474e-001; w1(5,1)=3.8933837757e-001; w1(5,2)=1.8391028098e-001; w1(5,3)=-1.1131557688e+000; w1(5,4)=6.1624655587e-001; 
w10(6,1)=-9.1051561350e-001; w1(6,1)=3.6885973646e-001; w1(6,2)=1.9204949436e+000; w1(6,3)=9.1166338392e-001; w1(6,4)=-1.8080893918e-001; 
w10(7,1)=1.1248697284e+000; w1(7,1)=-4.9032632395e-001; w1(7,2)=1.9625337975e+000; w1(7,3)=1.1483598836e-001; w1(7,4)=-5.6588048800e-001; 
w20=1.0856693180e+000; w2(1)=3.4764040353e-001; w2(2)=7.9006116535e-001; w2(3)=1.5902718942e+000; w2(4)=1.3859144151e-001; w2(5)=-9.2270552308e-001; w2(6)=-3.7374898006e-001; w2(7)=-1.5823180686e-002; 

