
%liczba neuronów ukrytych: 5, liczba wejœæ sieci: 4
%wejœcie 1: u(k-4)
%wejœcie 2: u(k-5)
%wejœcie 3: y(k-1)
%wejœcie 4: y(k-2)
%uczenie w trybie OE
w10(1,1)=3.5388845006e+000; w1(1,1)=-5.1361589332e+000; w1(1,2)=3.0660301194e+000; w1(1,3)=2.5833861379e+000; w1(1,4)=-5.0398988497e+000; 
w10(2,1)=-4.2225583901e+000; w1(2,1)=1.9392787865e+000; w1(2,2)=-1.0270069677e+000; w1(2,3)=-3.0555076902e+000; w1(2,4)=1.9400152646e+000; 
w10(3,1)=-9.6708170370e-001; w1(3,1)=-1.0088466699e+000; w1(3,2)=4.1237675461e+000; w1(3,3)=1.9159365097e+000; w1(3,4)=-9.6587773647e-001; 
w10(4,1)=-3.3434958518e-001; w1(4,1)=-2.2867384300e-001; w1(4,2)=2.3474752913e-001; w1(4,3)=5.7235249040e-001; w1(4,4)=-4.2266692289e-002; 
w10(5,1)=-2.0458534150e+000; w1(5,1)=1.3800341866e+000; w1(5,2)=2.1442148835e+000; w1(5,3)=-1.2030055991e+000; w1(5,4)=3.5169498476e-001; 
w20=1.6883687435e+000; w2(1)=-1.4688663595e-001; w2(2)=8.5932270846e-001; w2(3)=-4.5631836915e-001; w2(4)=2.0441273274e+000; w2(5)=3.7814443774e-001; 

