
%liczba neuronów ukrytych: 5, liczba wejœæ sieci: 4
%wejœcie 1: u(k-4)
%wejœcie 2: u(k-5)
%wejœcie 3: y(k-1)
%wejœcie 4: y(k-2)
%uczenie w trybie OE
w10(1,1)=1.0876715595e+000; w1(1,1)=-1.8255911197e+000; w1(1,2)=-2.0789441124e+000; w1(1,3)=-1.0521718769e+000; w1(1,4)=1.8489862843e+000; 
w10(2,1)=3.7612965567e-001; w1(2,1)=4.7656288704e-001; w1(2,2)=-3.8376429267e+000; w1(2,3)=-1.7429711847e+000; w1(2,4)=1.3481696457e+000; 
w10(3,1)=-5.9293495912e-001; w1(3,1)=4.1784277979e-001; w1(3,2)=-1.1375504843e+000; w1(3,3)=-6.7241486788e-001; w1(3,4)=-8.1514349010e-001; 
w10(4,1)=4.2388442217e-001; w1(4,1)=-1.1010852627e-001; w1(4,2)=3.3586085499e-001; w1(4,3)=-1.1136883300e+000; w1(4,4)=7.1667999273e-001; 
w10(5,1)=-6.8943007011e-001; w1(5,1)=-1.7585677618e-001; w1(5,2)=1.9185798032e-001; w1(5,3)=3.8282585502e-002; w1(5,4)=4.1016231715e-001; 
w20=1.0632391775e+000; w2(1)=-1.9210837300e-001; w2(2)=3.2090731021e-001; w2(3)=-2.7743106064e-001; w2(4)=-6.5658696797e-001; w2(5)=1.5259490459e+000; 

