
%liczba neuronów ukrytych: 3, liczba wejœæ sieci: 4
%wejœcie 1: u(k-4)
%wejœcie 2: u(k-5)
%wejœcie 3: y(k-1)
%wejœcie 4: y(k-2)
%uczenie w trybie OE
w10(1,1)=1.6300403534e-001; w1(1,1)=5.1821681610e-001; w1(1,2)=2.1195385966e+000; w1(1,3)=-1.7671836920e+000; w1(1,4)=2.0677567543e+000; 
w10(2,1)=3.3175447977e-001; w1(2,1)=4.1846128868e-001; w1(2,2)=1.2787182804e-001; w1(2,3)=-1.0021536543e+000; w1(2,4)=1.3989710984e+000; 
w10(3,1)=-5.2134973904e-001; w1(3,1)=-1.5840374847e-001; w1(3,2)=-9.1282451851e-002; w1(3,3)=6.3464070635e-001; w1(3,4)=-2.2903266622e-001; 
w20=6.2308107153e-001; w2(1)=-2.0672215608e-001; w2(2)=8.4302005344e-001; w2(3)=1.7940293911e+000; 

