
%liczba neuronów ukrytych: 5, liczba wejœæ sieci: 4
%wejœcie 1: u(k-4)
%wejœcie 2: u(k-5)
%wejœcie 3: y(k-1)
%wejœcie 4: y(k-2)
%uczenie w trybie OE
w10(1,1)=1.8393684887e+000; w1(1,1)=3.2070173265e-001; w1(1,2)=-1.9270438877e-001; w1(1,3)=1.0692978843e-001; w1(1,4)=-1.0670831738e+000; 
w10(2,1)=7.1819526367e-001; w1(2,1)=1.5038428157e-001; w1(2,2)=-4.9477500058e-001; w1(2,3)=2.6452388408e+000; w1(2,4)=-2.7274535537e+000; 
w10(3,1)=3.1046769309e-002; w1(3,1)=-2.2558843528e-001; w1(3,2)=7.3138944094e-002; w1(3,3)=-1.1309857587e-001; w1(3,4)=-9.1566840089e-001; 
w10(4,1)=1.8812130989e+000; w1(4,1)=2.4748471503e+000; w1(4,2)=2.3320388157e+000; w1(4,3)=-1.6353552049e-001; w1(4,4)=-7.1531883154e-001; 
w10(5,1)=2.9091759012e-002; w1(5,1)=-1.1009221501e+000; w1(5,2)=-8.5451228722e+000; w1(5,3)=-6.0297605501e-001; w1(5,4)=-1.8180404411e+000; 
w20=6.2782324154e-001; w2(1)=-8.8916378615e-001; w2(2)=5.1898101133e-001; w2(3)=-8.8448879208e-001; w2(4)=-7.9647048824e-002; w2(5)=3.5603227662e-002; 

