
%liczba neuronów ukrytych: 4, liczba wejœæ sieci: 4
%wejœcie 1: u(k-4)
%wejœcie 2: u(k-5)
%wejœcie 3: y(k-1)
%wejœcie 4: y(k-2)
%uczenie w trybie OE
w10(1,1)=3.9586876862e-001; w1(1,1)=1.3587890465e-001; w1(1,2)=-1.1349133906e-001; w1(1,3)=-1.8646861486e+000; w1(1,4)=1.2536522134e+000; 
w10(2,1)=3.6603784429e-001; w1(2,1)=3.7007026469e-001; w1(2,2)=-7.2950395143e-001; w1(2,3)=1.3933583942e-001; w1(2,4)=4.4318571784e-001; 
w10(3,1)=-1.5803419390e-001; w1(3,1)=3.9534422958e-001; w1(3,2)=-5.2758655737e-001; w1(3,3)=-1.3444239007e+000; w1(3,4)=1.6991410829e+000; 
w10(4,1)=-1.4476467914e-001; w1(4,1)=2.0349595714e-001; w1(4,2)=4.6266499844e+000; w1(4,3)=2.6286479615e-001; w1(4,4)=8.3560882195e-001; 
w20=1.0106986006e+000; w2(1)=-1.3592278651e+000; w2(2)=-8.3484616861e-001; w2(3)=1.4591536693e+000; w2(4)=-1.8032959094e-001; 

