
%liczba neuronów ukrytych: 8, liczba wejœæ sieci: 4
%wejœcie 1: u(k-4)
%wejœcie 2: u(k-5)
%wejœcie 3: y(k-1)
%wejœcie 4: y(k-2)
%uczenie w trybie OE
w10(1,1)=7.0078075095e-001; w1(1,1)=2.0094751628e+000; w1(1,2)=1.5923538907e+000; w1(1,3)=-5.3868721866e-001; w1(1,4)=-2.6356310578e-001; 
w10(2,1)=9.9081120016e-001; w1(2,1)=-4.0513529628e-001; w1(2,2)=2.8044640067e-001; w1(2,3)=6.2584212861e-001; w1(2,4)=-3.4921327738e-002; 
w10(3,1)=1.0396426930e+000; w1(3,1)=2.9900960487e-001; w1(3,2)=-4.3666672538e-001; w1(3,3)=-7.2029354101e-002; w1(3,4)=-4.1674719048e-001; 
w10(4,1)=-3.8122463407e-001; w1(4,1)=1.9946055069e-001; w1(4,2)=-8.7178325836e-001; w1(4,3)=8.3527362194e-001; w1(4,4)=-2.0502617168e-001; 
w10(5,1)=3.8837098438e-001; w1(5,1)=-9.2723799533e-003; w1(5,2)=4.3997786574e-001; w1(5,3)=8.1146243385e-001; w1(5,4)=6.0610712692e-001; 
w10(6,1)=-9.3167100823e-001; w1(6,1)=5.8276362571e-002; w1(6,2)=-3.0974813667e-002; w1(6,3)=5.0915237298e-001; w1(6,4)=4.9715546898e-002; 
w10(7,1)=-4.4307367440e-001; w1(7,1)=1.0352340076e+000; w1(7,2)=1.2716269522e+000; w1(7,3)=1.1138153879e-001; w1(7,4)=2.1156500175e-001; 
w10(8,1)=8.6883227484e-001; w1(8,1)=-1.6894294414e+000; w1(8,2)=-9.2788056306e-001; w1(8,3)=4.8293291194e-001; w1(8,4)=-4.6642853030e-002; 
w20=1.8172864267e+000; w2(1)=-5.6377287535e-003; w2(2)=-9.0049003217e-001; w2(3)=-4.1736101350e-001; w2(4)=3.7066095692e-001; w2(5)=5.3035689547e-001; w2(6)=1.2084203294e+000; w2(7)=-3.9354560020e-001; w2(8)=-2.1474346131e-001; 

