
%liczba neuronów ukrytych: 9, liczba wejœæ sieci: 4
%wejœcie 1: u(k-4)
%wejœcie 2: u(k-5)
%wejœcie 3: y(k-1)
%wejœcie 4: y(k-2)
%uczenie w trybie OE
w10(1,1)=-5.2095357670e-001; w1(1,1)=-2.7197339467e-001; w1(1,2)=-2.7488427527e-001; w1(1,3)=-1.1898334772e-001; w1(1,4)=-4.4606391484e-001; 
w10(2,1)=-4.4150408789e-001; w1(2,1)=-6.3774638753e-001; w1(2,2)=-3.4901874989e-001; w1(2,3)=1.2675419271e-001; w1(2,4)=-6.6398758342e-002; 
w10(3,1)=2.1895136112e+000; w1(3,1)=-2.5459582533e-001; w1(3,2)=-4.0126694302e-002; w1(3,3)=2.4057893528e-001; w1(3,4)=-2.5959815576e-001; 
w10(4,1)=-5.0926743992e-001; w1(4,1)=4.8273608680e-001; w1(4,2)=-7.4096725250e-001; w1(4,3)=3.0558561491e-001; w1(4,4)=1.6810989222e-001; 
w10(5,1)=8.8397139752e-001; w1(5,1)=9.2091225871e-001; w1(5,2)=8.0755502722e-001; w1(5,3)=-1.6551347619e-001; w1(5,4)=9.4275539614e-001; 
w10(6,1)=1.7032963842e+000; w1(6,1)=-2.3285578702e-001; w1(6,2)=-8.0153636528e-001; w1(6,3)=-7.3144927856e-001; w1(6,4)=-2.9459336349e-001; 
w10(7,1)=-1.0825755870e+000; w1(7,1)=-8.4458075876e-001; w1(7,2)=-4.2589358778e-001; w1(7,3)=-4.7979053613e-001; w1(7,4)=-1.3584951228e+000; 
w10(8,1)=-8.6096851719e-001; w1(8,1)=-2.0565840865e+000; w1(8,2)=-4.1916568267e+000; w1(8,3)=-4.8912175541e-002; w1(8,4)=-1.2881698401e-001; 
w10(9,1)=-2.1106091821e+000; w1(9,1)=6.6561727240e-001; w1(9,2)=-1.0668422243e+000; w1(9,3)=-2.5924225669e+000; w1(9,4)=1.0305939333e+000; 
w20=1.1052050388e+000; w2(1)=-3.2221541940e-001; w2(2)=7.8933232807e-001; w2(3)=-1.2861220849e+000; w2(4)=8.9826872533e-001; w2(5)=4.1687399831e-001; w2(6)=-3.8025929061e-001; w2(7)=-5.8982369389e-002; w2(8)=7.5197357526e-002; w2(9)=-8.3437163867e-001; 

