
%liczba neuronów ukrytych: 5, liczba wejœæ sieci: 4
%wejœcie 1: u(k-4)
%wejœcie 2: u(k-5)
%wejœcie 3: y(k-1)
%wejœcie 4: y(k-2)
%uczenie w trybie OE
w10(1,1)=5.2488722067e-001; w1(1,1)=-2.9303006934e+000; w1(1,2)=-3.2807439104e+000; w1(1,3)=-1.4567515159e+000; w1(1,4)=3.4441803554e-001; 
w10(2,1)=-2.8411119359e-002; w1(2,1)=-3.6963600181e-001; w1(2,2)=2.7951776081e-001; w1(2,3)=-4.7847444146e-001; w1(2,4)=-3.7513090793e-001; 
w10(3,1)=1.2661038679e+000; w1(3,1)=2.4672431713e-001; w1(3,2)=-7.1596856513e-001; w1(3,3)=-9.4857944508e-001; w1(3,4)=-1.5733186565e-001; 
w10(4,1)=1.3964590212e+000; w1(4,1)=3.2400105615e+000; w1(4,2)=4.7705905791e+000; w1(4,3)=-7.4915771901e-001; w1(4,4)=8.6404393783e-001; 
w10(5,1)=-1.0925127068e+000; w1(5,1)=-1.5037293616e-001; w1(5,2)=1.3475842086e-001; w1(5,3)=7.1405036237e-001; w1(5,4)=-4.3933547189e-002; 
w20=1.0974396226e+000; w2(1)=5.0989193942e-002; w2(2)=-6.7582658413e-001; w2(3)=4.4949103712e-001; w2(4)=-4.6548059564e-002; w2(5)=1.8591730353e+000; 

