
%liczba neuronów ukrytych: 10, liczba wejœæ sieci: 4
%wejœcie 1: u(k-4)
%wejœcie 2: u(k-5)
%wejœcie 3: y(k-1)
%wejœcie 4: y(k-2)
%uczenie w trybie OE
w10(1,1)=1.6130353593e+000; w1(1,1)=-4.1926936759e-001; w1(1,2)=3.0518831132e-001; w1(1,3)=-6.7118551745e-001; w1(1,4)=-1.3047585753e-001; 
w10(2,1)=-8.0205355740e-001; w1(2,1)=4.5919622776e-001; w1(2,2)=6.7413430122e-001; w1(2,3)=-6.3560715310e-001; w1(2,4)=-3.4915780880e-002; 
w10(3,1)=-9.0103721750e-001; w1(3,1)=6.2661629748e-001; w1(3,2)=1.0989419143e-001; w1(3,3)=-2.4783637144e-001; w1(3,4)=3.2553155920e-001; 
w10(4,1)=-1.8642531883e+000; w1(4,1)=5.7517959021e-001; w1(4,2)=-3.4460424625e-002; w1(4,3)=7.6058007398e-002; w1(4,4)=3.4997526339e-001; 
w10(5,1)=-4.1465205843e-001; w1(5,1)=-1.6772197294e-001; w1(5,2)=-5.2188384267e-002; w1(5,3)=3.0755768877e-001; w1(5,4)=1.4372081255e-002; 
w10(6,1)=-1.7715759153e+000; w1(6,1)=-1.4791339164e-001; w1(6,2)=-1.1791710997e+000; w1(6,3)=-7.5946144373e-001; w1(6,4)=1.2588098003e+000; 
w10(7,1)=-3.9125959653e-001; w1(7,1)=9.2892909907e-001; w1(7,2)=7.6938184871e-001; w1(7,3)=-5.8028574044e-001; w1(7,4)=8.4090782620e-001; 
w10(8,1)=5.9132115008e-001; w1(8,1)=2.1116431124e-001; w1(8,2)=8.2842837948e-001; w1(8,3)=5.8518677693e-001; w1(8,4)=-2.4233290325e+000; 
w10(9,1)=4.6762944041e-002; w1(9,1)=2.0122556489e-001; w1(9,2)=-4.2607917593e-001; w1(9,3)=4.3626011870e-001; w1(9,4)=4.1151014963e-001; 
w10(10,1)=-6.6700108269e-001; w1(10,1)=6.0115113228e-002; w1(10,2)=-3.4182028664e-001; w1(10,3)=-2.1760377504e-001; w1(10,4)=-2.5222873301e-001; 
w20=6.7185486702e-001; w2(1)=-9.8249850213e-001; w2(2)=8.2121123188e-001; w2(3)=-4.0100475588e-001; w2(4)=-5.2182460482e-002; w2(5)=4.0207121118e-001; w2(6)=-1.3299320577e-001; w2(7)=-3.6245869948e-001; w2(8)=1.3484845263e-001; w2(9)=1.3557118456e+000; w2(10)=-3.5622984989e-001; 

