
%liczba neuronów ukrytych: 8, liczba wejœæ sieci: 4
%wejœcie 1: u(k-4)
%wejœcie 2: u(k-5)
%wejœcie 3: y(k-1)
%wejœcie 4: y(k-2)
%uczenie w trybie OE
w10(1,1)=-1.9527908093e+000; w1(1,1)=-1.2102387034e+000; w1(1,2)=-2.7111484004e+000; w1(1,3)=9.6774902270e-001; w1(1,4)=1.4455684888e-001; 
w10(2,1)=-1.5793574577e-001; w1(2,1)=-1.3297960651e-001; w1(2,2)=1.6869346146e-001; w1(2,3)=-7.4332440451e-001; w1(2,4)=-4.7278194539e-001; 
w10(3,1)=6.8878863501e-001; w1(3,1)=-1.0123087771e+000; w1(3,2)=-3.0604337138e-001; w1(3,3)=6.4978988538e-001; w1(3,4)=3.7385301988e-002; 
w10(4,1)=1.8293705738e-002; w1(4,1)=-1.1626210859e+000; w1(4,2)=-2.0028395700e+000; w1(4,3)=-1.0238075275e-001; w1(4,4)=2.0732672438e-001; 
w10(5,1)=-4.9059077622e-001; w1(5,1)=1.1798923881e+000; w1(5,2)=6.7155141089e-001; w1(5,3)=-3.4604070915e-001; w1(5,4)=7.1220407181e-001; 
w10(6,1)=1.2253778626e+000; w1(6,1)=-7.7033359677e-002; w1(6,2)=2.5747428404e-001; w1(6,3)=-3.2688506697e-001; w1(6,4)=-3.2226444306e-001; 
w10(7,1)=1.4838487770e-001; w1(7,1)=-2.8801685435e-001; w1(7,2)=-3.8831143235e-001; w1(7,3)=-2.4003612598e-001; w1(7,4)=-3.7262628027e-002; 
w10(8,1)=-4.3457171620e-001; w1(8,1)=2.2825160834e-001; w1(8,2)=-5.6795129810e-001; w1(8,3)=-4.7403183180e-001; w1(8,4)=4.5166707625e-001; 
w20=1.0979377538e+000; w2(1)=6.8579913723e-002; w2(2)=-6.6287480272e-001; w2(3)=-3.5010453640e-001; w2(4)=8.4583725725e-002; w2(5)=-4.0305201750e-001; w2(6)=-1.2252211508e+000; w2(7)=-4.6587447996e-001; w2(8)=3.3224511878e-002; 

