
%liczba neuronów ukrytych: 2, liczba wejœæ sieci: 4
%wejœcie 1: u(k-4)
%wejœcie 2: u(k-5)
%wejœcie 3: y(k-1)
%wejœcie 4: y(k-2)
%uczenie w trybie OE
w10(1,1)=1.5825249349e+000; w1(1,1)=-4.4516188506e-001; w1(1,2)=5.3874703808e-002; w1(1,3)=-1.3021241883e-001; w1(1,4)=4.4240593292e-001; 
w10(2,1)=3.9886890087e-002; w1(2,1)=-4.4161939460e-003; w1(2,2)=5.0159093941e-002; w1(2,3)=-2.5744401120e-001; w1(2,4)=6.4380461134e-002; 
w20=2.0529106574e+000; w2(1)=-2.0022085364e+000; w2(2)=-5.3851726586e+000; 

