
%liczba neuronów ukrytych: 10, liczba wejœæ sieci: 4
%wejœcie 1: u(k-4)
%wejœcie 2: u(k-5)
%wejœcie 3: y(k-1)
%wejœcie 4: y(k-2)
%uczenie w trybie OE
w10(1,1)=-9.3738928648e-001; w1(1,1)=3.5041101606e-001; w1(1,2)=-7.4778102992e-002; w1(1,3)=-9.1158652229e-001; w1(1,4)=1.1206032836e-001; 
w10(2,1)=4.3168853419e-001; w1(2,1)=-6.4984142989e-002; w1(2,2)=1.7351960343e+000; w1(2,3)=2.2031744252e+000; w1(2,4)=1.9329401641e+000; 
w10(3,1)=-5.4419247989e-001; w1(3,1)=1.4760874754e-001; w1(3,2)=3.0349333614e-001; w1(3,3)=-1.2425977368e+000; w1(3,4)=-1.4718935800e+000; 
w10(4,1)=9.2111936191e-001; w1(4,1)=-1.3811217310e-001; w1(4,2)=3.7277659548e-001; w1(4,3)=-2.2100096758e-001; w1(4,4)=-1.0904730926e+000; 
w10(5,1)=2.3753037029e+000; w1(5,1)=-3.5395080422e-001; w1(5,2)=2.7383988994e-001; w1(5,3)=-8.1227347542e-001; w1(5,4)=-3.8852851705e-001; 
w10(6,1)=-2.6575822460e-001; w1(6,1)=1.5375145785e+000; w1(6,2)=1.0911319600e+000; w1(6,3)=5.7782544983e-001; w1(6,4)=-2.5985402405e-001; 
w10(7,1)=-2.9816295800e-001; w1(7,1)=2.1774064087e-001; w1(7,2)=2.6539004755e-001; w1(7,3)=2.3932913894e-001; w1(7,4)=-7.1907497535e-001; 
w10(8,1)=2.3727633925e-001; w1(8,1)=3.4501915233e-001; w1(8,2)=3.6158064016e-001; w1(8,3)=-4.0580855555e-002; w1(8,4)=-9.5100575060e-001; 
w10(9,1)=1.5418460411e-001; w1(9,1)=-6.7213018164e-001; w1(9,2)=3.8264120232e-001; w1(9,3)=4.1983116709e-001; w1(9,4)=3.4798699617e-001; 
w10(10,1)=-7.6261298834e-001; w1(10,1)=8.3674242048e-001; w1(10,2)=2.5619302436e+000; w1(10,3)=-7.0776238547e-001; w1(10,4)=-1.6586927114e+000; 
w20=1.9879415352e+000; w2(1)=7.3491198691e-001; w2(2)=8.1861138222e-002; w2(3)=-5.2950274231e-001; w2(4)=-8.3978556239e-001; w2(5)=-7.5675136721e-001; w2(6)=-4.8708533957e-001; w2(7)=7.4663937838e-001; w2(8)=-3.7623997821e-001; w2(9)=-5.0957131637e-001; w2(10)=2.1227219187e-001; 

