
%liczba neuronów ukrytych: 10, liczba wejœæ sieci: 4
%wejœcie 1: u(k-4)
%wejœcie 2: u(k-5)
%wejœcie 3: y(k-1)
%wejœcie 4: y(k-2)
%uczenie w trybie OE
w10(1,1)=-3.0331060738e-001; w1(1,1)=-1.2200307755e-001; w1(1,2)=1.0405112458e-001; w1(1,3)=-1.1010095017e-001; w1(1,4)=4.7767796470e-001; 
w10(2,1)=7.0042056793e-001; w1(2,1)=-3.0575504309e-001; w1(2,2)=4.3093021281e-001; w1(2,3)=-8.2182209079e-001; w1(2,4)=3.7975771681e-001; 
w10(3,1)=1.3479898346e+000; w1(3,1)=1.4565162958e-001; w1(3,2)=2.6756921764e-001; w1(3,3)=8.0810485459e-001; w1(3,4)=1.6346535283e-001; 
w10(4,1)=1.3755764595e-001; w1(4,1)=5.8646330105e-001; w1(4,2)=5.8036286762e-001; w1(4,3)=2.2450540681e-001; w1(4,4)=-7.9950666841e-002; 
w10(5,1)=-7.4283436153e-001; w1(5,1)=-2.5434730447e-001; w1(5,2)=3.9835841967e-002; w1(5,3)=-5.8831606639e-001; w1(5,4)=8.1000503689e-001; 
w10(6,1)=6.9049869565e-001; w1(6,1)=-1.4091393830e+000; w1(6,2)=-1.7855562857e+000; w1(6,3)=1.7401945292e-001; w1(6,4)=-3.7927946245e-001; 
w10(7,1)=2.9183780106e-001; w1(7,1)=2.3422781730e-001; w1(7,2)=-6.7130746471e-001; w1(7,3)=9.7339495227e-001; w1(7,4)=2.1941999516e-001; 
w10(8,1)=6.0698531350e-001; w1(8,1)=-6.1438594531e-001; w1(8,2)=-5.5954732582e-001; w1(8,3)=8.3156952402e-001; w1(8,4)=-8.8144708662e-002; 
w10(9,1)=1.1338323011e-001; w1(9,1)=-9.1016019055e-001; w1(9,2)=-6.9029297029e-001; w1(9,3)=3.7716660392e-001; w1(9,4)=-4.9132551066e-001; 
w10(10,1)=-3.7170050447e-001; w1(10,1)=-6.0046508289e-001; w1(10,2)=-6.4775394144e-001; w1(10,3)=-3.0377424859e-002; w1(10,4)=-2.1130809683e-001; 
w20=1.0142551819e+000; w2(1)=5.9792129015e-001; w2(2)=-1.1436859484e+000; w2(3)=3.1297698172e-001; w2(4)=3.9001406973e-001; w2(5)=6.6927047102e-001; w2(6)=-3.3315292696e-002; w2(7)=4.4196312553e-001; w2(8)=-5.7664731920e-001; w2(9)=7.8920298236e-001; w2(10)=-1.8072425442e-001; 

