
%liczba neuronów ukrytych: 6, liczba wejœæ sieci: 4
%wejœcie 1: u(k-4)
%wejœcie 2: u(k-5)
%wejœcie 3: y(k-1)
%wejœcie 4: y(k-2)
%uczenie w trybie OE
w10(1,1)=8.5346734259e-002; w1(1,1)=7.9289549914e-002; w1(1,2)=-1.3856350324e-001; w1(1,3)=7.9481139310e-001; w1(1,4)=-8.2942053951e-002; 
w10(2,1)=-1.5151528987e+000; w1(2,1)=-1.3829544529e-001; w1(2,2)=1.4492351930e-001; w1(2,3)=8.3052409783e-001; w1(2,4)=-1.9672908261e-001; 
w10(3,1)=-1.3700019741e+000; w1(3,1)=-9.8424712975e-001; w1(3,2)=-1.7598480415e+000; w1(3,3)=-2.2802942015e-001; w1(3,4)=-1.3911858151e+000; 
w10(4,1)=-8.0819419534e-001; w1(4,1)=1.2436745389e+000; w1(4,2)=3.0187288504e-001; w1(4,3)=-7.1364431526e-001; w1(4,4)=-5.0860522551e-001; 
w10(5,1)=-4.0087642581e-001; w1(5,1)=-7.0172871630e-001; w1(5,2)=-1.8951640235e+000; w1(5,3)=-5.1438780561e-001; w1(5,4)=1.3000711442e+000; 
w10(6,1)=-2.8495838617e-001; w1(6,1)=-7.7879095412e-001; w1(6,2)=-1.4102177778e+000; w1(6,3)=-3.6777911729e-002; w1(6,4)=2.9473606237e-001; 
w20=1.1119054223e+000; w2(1)=1.2166226632e+000; w2(2)=1.2815273917e+000; w2(3)=-8.3124142909e-002; w2(4)=1.3595449651e-001; w2(5)=-1.9227698467e-001; w2(6)=3.9181257958e-001; 

