
%liczba neuronów ukrytych: 9, liczba wejœæ sieci: 4
%wejœcie 1: u(k-4)
%wejœcie 2: u(k-5)
%wejœcie 3: y(k-1)
%wejœcie 4: y(k-2)
%uczenie w trybie OE
w10(1,1)=-3.6465941781e-002; w1(1,1)=1.8380729715e-003; w1(1,2)=4.3311709223e-001; w1(1,3)=3.7814963505e-001; w1(1,4)=-1.6276900653e-001; 
w10(2,1)=-1.3740270071e+000; w1(2,1)=-2.6983345599e-001; w1(2,2)=2.9864856113e-001; w1(2,3)=-7.7474174175e-001; w1(2,4)=-4.8786078872e-001; 
w10(3,1)=7.2272399975e-001; w1(3,1)=-9.0055672139e-002; w1(3,2)=-2.4546625767e-001; w1(3,3)=-5.3065113672e-001; w1(3,4)=2.8915091039e-002; 
w10(4,1)=9.2689668089e-001; w1(4,1)=2.4354477797e-001; w1(4,2)=1.0363851626e-001; w1(4,3)=-1.0073637234e-001; w1(4,4)=1.5620592576e+000; 
w10(5,1)=5.8739949531e-002; w1(5,1)=-2.4767075425e-001; w1(5,2)=-9.4474905025e-001; w1(5,3)=9.1773792579e-001; w1(5,4)=-9.2514784592e-001; 
w10(6,1)=-2.6403592977e-001; w1(6,1)=-6.1120779934e-001; w1(6,2)=4.7559745648e-001; w1(6,3)=-1.2963353817e-001; w1(6,4)=-1.8142834643e-001; 
w10(7,1)=4.5768379389e-001; w1(7,1)=3.1885430123e-001; w1(7,2)=-2.0981502431e-001; w1(7,3)=3.5291583200e-001; w1(7,4)=4.0115210843e-001; 
w10(8,1)=-2.5469988949e+000; w1(8,1)=1.0766917189e-002; w1(8,2)=-9.9653444580e-001; w1(8,3)=9.5227763632e-001; w1(8,4)=-5.4914725074e-001; 
w10(9,1)=8.8747508222e-001; w1(9,1)=5.4207948352e-001; w1(9,2)=-1.5027566224e-001; w1(9,3)=-2.1872609140e-001; w1(9,4)=1.9427777817e-002; 
w20=2.0174384237e+000; w2(1)=-1.9517183398e-001; w2(2)=2.0515590463e+000; w2(3)=-1.3450239934e+000; w2(4)=9.0166908370e-001; w2(5)=5.4833758084e-001; w2(6)=-6.6724445040e-001; w2(7)=3.3873598472e-001; w2(8)=-2.0783752404e-001; w2(9)=-8.4436702237e-001; 

