
%liczba neuronów ukrytych: 1, liczba wejœæ sieci: 4
%wejœcie 1: u(k-4)
%wejœcie 2: u(k-5)
%wejœcie 3: y(k-1)
%wejœcie 4: y(k-2)
%uczenie w trybie OE
w10(1,1)=-5.7232078440e-001; w1(1,1)=-5.5001953239e-002; w1(1,2)=-2.0243387976e-001; w1(1,3)=-6.1303295046e-003; w1(1,4)=4.8460573371e-001; 
w20=1.0470824403e+000; w2(1)=2.0119696311e+000; 

