
%liczba neuronów ukrytych: 3, liczba wejœæ sieci: 4
%wejœcie 1: u(k-4)
%wejœcie 2: u(k-5)
%wejœcie 3: y(k-1)
%wejœcie 4: y(k-2)
%uczenie w trybie OE
w10(1,1)=-7.7125819578e-001; w1(1,1)=-4.0507045987e-001; w1(1,2)=-4.8220173780e-002; w1(1,3)=1.0777176220e+000; w1(1,4)=-2.0225381940e+000; 
w10(2,1)=3.0699111591e-001; w1(2,1)=-1.1430269303e-001; w1(2,2)=1.0728457469e+000; w1(2,3)=-3.6537371552e+000; w1(2,4)=3.1738757447e+000; 
w10(3,1)=-8.9674411529e-001; w1(3,1)=-1.4863851295e-001; w1(3,2)=7.5170410414e-002; w1(3,3)=1.8518083114e-001; w1(3,4)=2.9424891349e-001; 
w20=9.1666081480e-001; w2(1)=-6.1489935576e-001; w2(2)=-4.0260960865e-001; w2(3)=1.6717463604e+000; 

