
%liczba neuronów ukrytych: 5, liczba wejœæ sieci: 4
%wejœcie 1: u(k-4)
%wejœcie 2: u(k-5)
%wejœcie 3: y(k-1)
%wejœcie 4: y(k-2)
%uczenie w trybie OE
w10(1,1)=-1.7059366329e+000; w1(1,1)=3.1962825124e-001; w1(1,2)=-2.1391133279e-001; w1(1,3)=6.3364831155e-001; w1(1,4)=3.8232342508e-001; 
w10(2,1)=2.5692924230e-001; w1(2,1)=-1.0578165805e+000; w1(2,2)=-4.2245076056e-001; w1(2,3)=6.2440614534e-001; w1(2,4)=-5.8897433668e-001; 
w10(3,1)=-6.3189897888e-001; w1(3,1)=9.8823451049e-001; w1(3,2)=2.0631410916e-001; w1(3,3)=-1.2525398875e+000; w1(3,4)=2.9188685840e-001; 
w10(4,1)=2.1635042590e-002; w1(4,1)=1.9974110400e-001; w1(4,2)=-1.6747827629e-001; w1(4,3)=5.7179989355e-001; w1(4,4)=6.9167169673e-001; 
w10(5,1)=4.9330063904e-001; w1(5,1)=-6.9638277464e-001; w1(5,2)=-5.1778398159e+000; w1(5,3)=-1.0271713596e+000; w1(5,4)=-6.3816136632e-001; 
w20=1.0012247832e+000; w2(1)=9.1632043023e-001; w2(2)=6.0092298952e-001; w2(3)=6.1805191392e-001; w2(4)=9.1414443420e-001; w2(5)=5.6203750756e-002; 

