
%liczba neuronów ukrytych: 4, liczba wejœæ sieci: 4
%wejœcie 1: u(k-4)
%wejœcie 2: u(k-5)
%wejœcie 3: y(k-1)
%wejœcie 4: y(k-2)
%uczenie w trybie OE
w10(1,1)=4.3614004232e-001; w1(1,1)=1.3058059103e+000; w1(1,2)=2.7034591162e+000; w1(1,3)=7.6291182855e-001; w1(1,4)=-4.8995351348e-001; 
w10(2,1)=8.2634463840e-001; w1(2,1)=-1.2329142110e-001; w1(2,2)=3.6427536580e-001; w1(2,3)=-5.8345432922e-001; w1(2,4)=1.0614809622e-001; 
w10(3,1)=-7.8818491673e-002; w1(3,1)=-6.9343198247e-001; w1(3,2)=8.0504973980e-001; w1(3,3)=8.9664083830e-001; w1(3,4)=-2.6290411027e+000; 
w10(4,1)=-7.1625711030e-001; w1(4,1)=6.6671894179e-001; w1(4,2)=-1.8741988203e+000; w1(4,3)=9.6820462894e-001; w1(4,4)=-1.3967256299e+000; 
w20=1.0289167448e+000; w2(1)=-1.4946873171e-001; w2(2)=-1.7369669688e+000; w2(3)=-2.0935466561e-001; w2(4)=-3.1385897285e-001; 

