
%liczba neuronów ukrytych: 6, liczba wejœæ sieci: 4
%wejœcie 1: u(k-4)
%wejœcie 2: u(k-5)
%wejœcie 3: y(k-1)
%wejœcie 4: y(k-2)
%uczenie w trybie OE
w10(1,1)=-8.8091103472e-001; w1(1,1)=3.4067833505e-001; w1(1,2)=1.0659040043e+000; w1(1,3)=-1.3427433093e+000; w1(1,4)=7.7828296649e-001; 
w10(2,1)=-1.5263623602e+000; w1(2,1)=8.0346224091e-001; w1(2,2)=8.0026936293e-001; w1(2,3)=2.8853173094e-001; w1(2,4)=1.1065416594e-001; 
w10(3,1)=-1.5109846199e+000; w1(3,1)=1.0333593940e+000; w1(3,2)=-4.8602405065e-001; w1(3,3)=5.2561273540e-001; w1(3,4)=1.5219843082e+000; 
w10(4,1)=8.9507015980e-003; w1(4,1)=-2.4384624109e-001; w1(4,2)=3.3814691533e-001; w1(4,3)=-6.6342120558e-001; w1(4,4)=1.9878668842e-002; 
w10(5,1)=-3.5352621720e-001; w1(5,1)=4.3488002040e-001; w1(5,2)=1.8741388389e+000; w1(5,3)=6.8604734835e-002; w1(5,4)=1.9975991773e-001; 
w10(6,1)=6.0921457190e-001; w1(6,1)=1.9340057715e-002; w1(6,2)=-4.9521191613e-002; w1(6,3)=-3.8204872794e-001; w1(6,4)=5.6930172007e-002; 
w20=1.3016943641e+000; w2(1)=4.3368651491e-001; w2(2)=-2.5709546809e-001; w2(3)=-5.8448490223e-002; w2(4)=-7.9752905836e-001; w2(5)=-2.6847775371e-001; w2(6)=-2.5198480556e+000; 

