
%liczba neuronów ukrytych: 4, liczba wejœæ sieci: 4
%wejœcie 1: u(k-4)
%wejœcie 2: u(k-5)
%wejœcie 3: y(k-1)
%wejœcie 4: y(k-2)
%uczenie w trybie OE
w10(1,1)=-6.6699940593e-001; w1(1,1)=2.9006845887e-001; w1(1,2)=-1.9565606512e-001; w1(1,3)=-1.6175615852e-001; w1(1,4)=6.5445870568e-001; 
w10(2,1)=-1.0308251203e+000; w1(2,1)=-5.4974327927e-001; w1(2,2)=-8.0450455415e-001; w1(2,3)=1.0346167988e+000; w1(2,4)=-2.1569575841e+000; 
w10(3,1)=-8.2857424759e-001; w1(3,1)=-1.7121709217e+000; w1(3,2)=-1.6422859950e-001; w1(3,3)=-1.1839851725e+000; w1(3,4)=1.6021787883e+000; 
w10(4,1)=6.7744437050e-001; w1(4,1)=1.2212257536e+000; w1(4,2)=3.0166337049e-001; w1(4,3)=5.6254802375e-002; w1(4,4)=-4.2085874789e-001; 
w20=7.5857315911e-001; w2(1)=1.3408648632e+000; w2(2)=-4.6869453048e-001; w2(3)=-1.2744813285e+000; w2(4)=-2.0448614297e+000; 

