
%liczba neuronów ukrytych: 9, liczba wejœæ sieci: 4
%wejœcie 1: u(k-4)
%wejœcie 2: u(k-5)
%wejœcie 3: y(k-1)
%wejœcie 4: y(k-2)
%uczenie w trybie OE
w10(1,1)=-1.0629276048e+000; w1(1,1)=5.4484542196e-001; w1(1,2)=-6.4339838683e-001; w1(1,3)=3.4782404705e-001; w1(1,4)=2.3035258057e-001; 
w10(2,1)=1.7028025980e+000; w1(2,1)=-5.2053666956e-001; w1(2,2)=2.6923000642e-001; w1(2,3)=3.7808271252e-001; w1(2,4)=1.0749203023e+000; 
w10(3,1)=-1.4421277913e+000; w1(3,1)=-2.9665104332e+000; w1(3,2)=-4.6506350771e+000; w1(3,3)=1.4590388616e+000; w1(3,4)=-1.3428570383e+000; 
w10(4,1)=-6.4245363353e-001; w1(4,1)=-5.3108515905e-001; w1(4,2)=2.8117145282e-001; w1(4,3)=-1.0322918941e-001; w1(4,4)=-8.2839013581e-001; 
w10(5,1)=-3.3120065627e-001; w1(5,1)=7.0373756342e-001; w1(5,2)=8.4888753207e-001; w1(5,3)=-7.1008298917e-002; w1(5,4)=4.8164991151e-001; 
w10(6,1)=-1.9324676346e+000; w1(6,1)=1.4075585858e+000; w1(6,2)=3.8304920461e-001; w1(6,3)=1.9728162637e-001; w1(6,4)=5.4061190608e-001; 
w10(7,1)=-9.1603136965e-001; w1(7,1)=-2.9048883939e-001; w1(7,2)=1.2590187417e+000; w1(7,3)=9.2441401638e-001; w1(7,4)=-3.8376955455e-001; 
w10(8,1)=1.2619590890e-001; w1(8,1)=-5.6043798076e-001; w1(8,2)=-1.8256998038e+000; w1(8,3)=-8.3000097584e-002; w1(8,4)=-8.4332046074e-001; 
w10(9,1)=-1.0640155391e+000; w1(9,1)=-1.1753687992e+000; w1(9,2)=5.5621367602e-001; w1(9,3)=1.2199948481e+000; w1(9,4)=-1.6100550242e+000; 
w20=1.6545095238e+000; w2(1)=1.2802076368e+000; w2(2)=-9.7312877453e-001; w2(3)=4.5474340971e-002; w2(4)=-1.3014570738e+000; w2(5)=-5.6204084067e-001; w2(6)=-2.0053568210e-001; w2(7)=7.0976967389e-001; w2(8)=-6.7369642821e-002; w2(9)=3.6113942138e-001; 

