
%liczba neuronów ukrytych: 2, liczba wejœæ sieci: 4
%wejœcie 1: u(k-4)
%wejœcie 2: u(k-5)
%wejœcie 3: y(k-1)
%wejœcie 4: y(k-2)
%uczenie w trybie OE
w10(1,1)=-8.2838358115e-001; w1(1,1)=1.2459524377e+000; w1(1,2)=-1.5754864562e+000; w1(1,3)=-4.5948175781e+000; w1(1,4)=4.5981143758e+000; 
w10(2,1)=-4.9894620633e-001; w1(2,1)=3.7545005580e-001; w1(2,2)=-6.5099688536e-001; w1(2,3)=-5.6517860987e-001; w1(2,4)=9.8957057230e-001; 
w20=6.6621411606e-001; w2(1)=-5.8556283115e-001; w2(2)=2.2844834886e+000; 

