
%liczba neuronów ukrytych: 6, liczba wejœæ sieci: 4
%wejœcie 1: u(k-4)
%wejœcie 2: u(k-5)
%wejœcie 3: y(k-1)
%wejœcie 4: y(k-2)
%uczenie w trybie OE
w10(1,1)=-4.4564826449e-001; w1(1,1)=3.7159372174e-001; w1(1,2)=1.7097184527e-001; w1(1,3)=8.2992602991e-002; w1(1,4)=3.0257459695e-001; 
w10(2,1)=4.3465953098e-001; w1(2,1)=1.7704010313e+000; w1(2,2)=3.2616360062e+000; w1(2,3)=2.8452290948e-001; w1(2,4)=3.3083250871e-001; 
w10(3,1)=4.9078834654e-001; w1(3,1)=3.9981760562e-002; w1(3,2)=2.3124260452e-001; w1(3,3)=-4.0946107409e-001; w1(3,4)=1.0546165862e-001; 
w10(4,1)=4.7463194434e-001; w1(4,1)=3.0556543865e-001; w1(4,2)=1.8072073855e-001; w1(4,3)=2.6353270465e-001; w1(4,4)=2.4598372305e-001; 
w10(5,1)=-9.2860400631e-001; w1(5,1)=1.3126181381e+000; w1(5,2)=5.8817501442e-001; w1(5,3)=3.3717419972e-001; w1(5,4)=2.2330707228e-001; 
w10(6,1)=6.6809631527e-002; w1(6,1)=-8.8577956245e-001; w1(6,2)=1.6211973796e-001; w1(6,3)=-2.2262906005e-001; w1(6,4)=2.5395029733e-001; 
w20=7.5123378628e-001; w2(1)=6.2122738623e-001; w2(2)=-8.2190848311e-002; w2(3)=-1.8866910949e+000; w2(4)=6.8112000978e-001; w2(5)=-1.2564458548e-001; w2(6)=8.2585982943e-002; 

