
%liczba neuronów ukrytych: 3, liczba wejœæ sieci: 4
%wejœcie 1: u(k-4)
%wejœcie 2: u(k-5)
%wejœcie 3: y(k-1)
%wejœcie 4: y(k-2)
%uczenie w trybie OE
w10(1,1)=9.4486241192e-002; w1(1,1)=-9.1006638324e-001; w1(1,2)=-3.5003696996e+000; w1(1,3)=-1.3930167386e+000; w1(1,4)=8.0778257832e-001; 
w10(2,1)=-1.3531605841e+000; w1(2,1)=-2.3293583758e-001; w1(2,2)=1.2544222482e-001; w1(2,3)=9.5292609577e-001; w1(2,4)=-2.6175549501e-001; 
w10(3,1)=-5.4939861707e-002; w1(3,1)=2.2023624680e-001; w1(3,2)=-1.6343363483e-001; w1(3,3)=1.2938584393e+000; w1(3,4)=-3.6747370534e-001; 
w20=1.1064079184e+000; w2(1)=7.6392193471e-002; w2(2)=1.2248640603e+000; w2(3)=7.8440151575e-001; 

