
%liczba neuronów ukrytych: 9, liczba wejœæ sieci: 4
%wejœcie 1: u(k-4)
%wejœcie 2: u(k-5)
%wejœcie 3: y(k-1)
%wejœcie 4: y(k-2)
%uczenie w trybie OE
w10(1,1)=-1.9231700612e+000; w1(1,1)=-2.3419998212e-001; w1(1,2)=-7.2941657008e-001; w1(1,3)=1.1584723167e-001; w1(1,4)=2.7845251353e-001; 
w10(2,1)=-1.2109735982e+000; w1(2,1)=-3.3175344571e-001; w1(2,2)=-6.4036198950e-001; w1(2,3)=1.8079156205e-001; w1(2,4)=-5.8799892122e-001; 
w10(3,1)=7.1806914469e-001; w1(3,1)=-2.4457009251e-001; w1(3,2)=1.6205296437e-001; w1(3,3)=2.1056527792e+000; w1(3,4)=1.5993208902e+000; 
w10(4,1)=2.9744755927e-001; w1(4,1)=2.6456671950e-001; w1(4,2)=-1.2583326931e-001; w1(4,3)=-2.7674595357e-001; w1(4,4)=5.0533949954e-002; 
w10(5,1)=8.9961434600e-001; w1(5,1)=1.4363956938e+000; w1(5,2)=1.7953194059e+000; w1(5,3)=5.8153311333e-001; w1(5,4)=9.4860773720e-001; 
w10(6,1)=-7.5353288738e-001; w1(6,1)=-7.2231202382e-001; w1(6,2)=-6.3680186431e-001; w1(6,3)=1.3265894956e-001; w1(6,4)=-3.9598860541e-001; 
w10(7,1)=-2.3343891972e-001; w1(7,1)=-5.3955925486e-002; w1(7,2)=-8.7498579983e-001; w1(7,3)=1.0908453313e+000; w1(7,4)=-7.8140319476e-001; 
w10(8,1)=-6.8196687130e-001; w1(8,1)=2.5741964159e-001; w1(8,2)=8.5808783095e-002; w1(8,3)=-4.8526615059e-001; w1(8,4)=5.1044093234e-001; 
w10(9,1)=1.0223823122e-001; w1(9,1)=8.5594474091e-001; w1(9,2)=2.7773355200e-001; w1(9,3)=-1.6018329007e-001; w1(9,4)=-1.8141723246e-001; 
w20=1.5876993629e+000; w2(1)=2.6295961582e-001; w2(2)=-5.2737687486e-001; w2(3)=2.1140055850e-002; w2(4)=-2.5616753095e+000; w2(5)=-2.1211540512e-003; w2(6)=-2.3461994712e-001; w2(7)=1.1563033056e+000; w2(8)=1.6418157067e+000; w2(9)=3.9804049309e-001; 

