
%liczba neuronów ukrytych: 3, liczba wejœæ sieci: 4
%wejœcie 1: u(k-4)
%wejœcie 2: u(k-5)
%wejœcie 3: y(k-1)
%wejœcie 4: y(k-2)
%uczenie w trybie OE
w10(1,1)=-4.4910509348e-001; w1(1,1)=-2.7399778408e-002; w1(1,2)=-4.0520443373e-001; w1(1,3)=-2.4136997605e-001; w1(1,4)=5.2860860391e-001; 
w10(2,1)=-1.4748467889e-001; w1(2,1)=-7.3042630181e-001; w1(2,2)=1.5433013849e-002; w1(2,3)=1.7391617242e+000; w1(2,4)=-1.6781241854e+000; 
w10(3,1)=-3.3042553909e-001; w1(3,1)=-3.9218108266e-001; w1(3,2)=-4.0137117635e-002; w1(3,3)=1.8064856952e-001; w1(3,4)=-3.9915258916e-001; 
w20=-2.4411284143e-002; w2(1)=1.4501260545e+000; w2(2)=1.0026520186e+000; w2(3)=-2.4521010940e+000; 

