
%liczba neuronów ukrytych: 8, liczba wejœæ sieci: 4
%wejœcie 1: u(k-4)
%wejœcie 2: u(k-5)
%wejœcie 3: y(k-1)
%wejœcie 4: y(k-2)
%uczenie w trybie OE
w10(1,1)=7.9145164565e-003; w1(1,1)=-2.5690990371e-001; w1(1,2)=3.7748650496e-001; w1(1,3)=1.2041506702e-001; w1(1,4)=-1.4033893338e+000; 
w10(2,1)=4.9939895409e-001; w1(2,1)=5.9249319089e-001; w1(2,2)=-4.0506145118e-001; w1(2,3)=2.3116957982e-002; w1(2,4)=1.6715597531e+000; 
w10(3,1)=-7.3329941701e-001; w1(3,1)=3.7999481903e-001; w1(3,2)=-2.8936224665e-001; w1(3,3)=2.8542637929e-001; w1(3,4)=1.9529041760e-001; 
w10(4,1)=-6.2306308227e-001; w1(4,1)=4.6316272823e-001; w1(4,2)=3.1495476130e-001; w1(4,3)=-3.2097490191e-001; w1(4,4)=-2.9392395370e-001; 
w10(5,1)=-1.4416892590e+000; w1(5,1)=-2.4069782108e-001; w1(5,2)=-1.4785288169e+000; w1(5,3)=3.2251092177e-001; w1(5,4)=1.1964321851e+000; 
w10(6,1)=-1.9347802580e-001; w1(6,1)=1.5617095666e+000; w1(6,2)=-1.8362340736e-001; w1(6,3)=-8.9738114875e-001; w1(6,4)=9.5778613526e-001; 
w10(7,1)=4.6271025392e-001; w1(7,1)=-5.7707457952e-001; w1(7,2)=-2.5757071123e+000; w1(7,3)=3.5565262981e-001; w1(7,4)=1.0338130247e+000; 
w10(8,1)=-2.7634806515e+000; w1(8,1)=1.4440396928e+000; w1(8,2)=5.0916664529e-001; w1(8,3)=-3.2488930134e+000; w1(8,4)=-1.2994456112e+000; 
w20=1.2669614432e+000; w2(1)=-4.7146651680e-002; w2(2)=4.1905293292e-001; w2(3)=1.8992381021e+000; w2(4)=3.9915760726e-001; w2(5)=7.3193884972e-002; w2(6)=-6.2015507416e-001; w2(7)=-7.3510748807e-002; w2(8)=7.3439557541e-002; 

