
%liczba neuronów ukrytych: 7, liczba wejœæ sieci: 4
%wejœcie 1: u(k-4)
%wejœcie 2: u(k-5)
%wejœcie 3: y(k-1)
%wejœcie 4: y(k-2)
%uczenie w trybie OE
w10(1,1)=-2.7377204496e-001; w1(1,1)=9.1821199398e-002; w1(1,2)=-4.4805237434e-001; w1(1,3)=-1.2439902446e+000; w1(1,4)=1.5093976853e+000; 
w10(2,1)=-9.8382539075e-001; w1(2,1)=1.1609991931e+000; w1(2,2)=7.2832708704e-001; w1(2,3)=-2.7354164283e-001; w1(2,4)=5.5963226989e-001; 
w10(3,1)=6.6110506651e-001; w1(3,1)=-1.2511038705e+000; w1(3,2)=-3.3160840053e-001; w1(3,3)=4.8685401339e-001; w1(3,4)=2.0959830939e-001; 
w10(4,1)=-2.1821490483e-001; w1(4,1)=3.9071919844e-001; w1(4,2)=1.0134998613e+000; w1(4,3)=1.0769491053e+000; w1(4,4)=-1.2424983992e+000; 
w10(5,1)=-5.1534201293e-001; w1(5,1)=2.3012890383e-001; w1(5,2)=8.9568377747e-002; w1(5,3)=2.9250165841e-001; w1(5,4)=2.3999461656e-001; 
w10(6,1)=-1.3052224170e-001; w1(6,1)=1.8124850014e-001; w1(6,2)=-4.0721804381e-001; w1(6,3)=-1.4354598171e+000; w1(6,4)=8.8340359822e-001; 
w10(7,1)=1.9532607596e-001; w1(7,1)=-1.3487060108e+000; w1(7,2)=-3.5772845640e+000; w1(7,3)=2.6911992806e-001; w1(7,4)=-1.3202651327e+000; 
w20=4.4023324954e-001; w2(1)=8.5577386111e-001; w2(2)=-3.4943337066e-001; w2(3)=-7.2545641066e-001; w2(4)=-4.2107576755e-001; w2(5)=7.1208474820e-001; w2(6)=-1.1267906309e+000; w2(7)=1.9867925007e-001; 

