
%liczba neuronów ukrytych: 2, liczba wejœæ sieci: 4
%wejœcie 1: u(k-4)
%wejœcie 2: u(k-5)
%wejœcie 3: y(k-1)
%wejœcie 4: y(k-2)
%uczenie w trybie OE
w10(1,1)=-5.4150587336e-001; w1(1,1)=-1.9852378921e-002; w1(1,2)=7.1682811031e-003; w1(1,3)=5.5978840146e-001; w1(1,4)=-1.3871081437e-001; 
w10(2,1)=1.2895018090e-001; w1(2,1)=-6.9452768533e+000; w1(2,2)=-6.2880632472e+000; w1(2,3)=-1.1937296554e+001; w1(2,4)=9.1244881212e+000; 
w20=1.2069093219e+000; w2(1)=2.4406501265e+000; w2(2)=1.0918693400e-001; 

