
%liczba neuronów ukrytych: 3, liczba wejœæ sieci: 4
%wejœcie 1: u(k-4)
%wejœcie 2: u(k-5)
%wejœcie 3: y(k-1)
%wejœcie 4: y(k-2)
%uczenie w trybie OE
w10(1,1)=2.9660648410e-001; w1(1,1)=-1.7892319618e+000; w1(1,2)=-3.8756653047e-002; w1(1,3)=2.5979206385e+000; w1(1,4)=-2.5789530603e+000; 
w10(2,1)=5.8430947338e-001; w1(2,1)=-3.4560551413e-001; w1(2,2)=6.8982014727e-001; w1(2,3)=4.2136206865e-001; w1(2,4)=-1.0069653439e+000; 
w10(3,1)=-3.7875377248e-001; w1(3,1)=1.8661939935e+000; w1(3,2)=6.9932092361e-003; w1(3,3)=-1.5324292796e+000; w1(3,4)=1.3493501089e+000; 
w20=9.3563719448e-001; w2(1)=1.4121041159e+000; w2(2)=-1.6874757556e+000; w2(3)=1.2473505764e+000; 

