
%liczba neuronów ukrytych: 6, liczba wejœæ sieci: 4
%wejœcie 1: u(k-4)
%wejœcie 2: u(k-5)
%wejœcie 3: y(k-1)
%wejœcie 4: y(k-2)
%uczenie w trybie OE
w10(1,1)=-2.2638241158e+000; w1(1,1)=7.4889776040e-001; w1(1,2)=-6.0400781008e-001; w1(1,3)=1.5854027659e-001; w1(1,4)=1.0659915367e+000; 
w10(2,1)=-1.7055415539e-001; w1(2,1)=3.9454929056e-002; w1(2,2)=-1.7690050135e-001; w1(2,3)=9.0510505648e-001; w1(2,4)=4.7328348356e-003; 
w10(3,1)=-1.2113219243e+000; w1(3,1)=-4.2451518160e-003; w1(3,2)=2.5753454644e-001; w1(3,3)=5.9141272180e-001; w1(3,4)=-1.0476313933e-001; 
w10(4,1)=8.2486700774e-001; w1(4,1)=-8.4417396201e-001; w1(4,2)=-8.0933277507e-001; w1(4,3)=1.0784072631e-001; w1(4,4)=-5.0406156844e-001; 
w10(5,1)=1.3003483359e+000; w1(5,1)=-8.3308023214e-001; w1(5,2)=-6.5553619886e-001; w1(5,3)=1.7846709908e+000; w1(5,4)=-1.0868187750e+000; 
w10(6,1)=7.9659299717e-001; w1(6,1)=1.0531833765e+000; w1(6,2)=1.9860158978e-001; w1(6,3)=-4.8041452071e-001; w1(6,4)=-1.4836156117e+000; 
w20=1.2081674719e+000; w2(1)=5.1619031395e-001; w2(2)=1.4947345994e+000; w2(3)=4.3143764512e-001; w2(4)=6.8143277996e-001; w2(5)=-7.8759740550e-001; w2(6)=1.9265141176e-001; 

