
%liczba neuronów ukrytych: 6, liczba wejœæ sieci: 4
%wejœcie 1: u(k-4)
%wejœcie 2: u(k-5)
%wejœcie 3: y(k-1)
%wejœcie 4: y(k-2)
%uczenie w trybie OE
w10(1,1)=9.7273081321e-001; w1(1,1)=5.0290751676e-002; w1(1,2)=2.0982511232e-001; w1(1,3)=3.6111855329e-001; w1(1,4)=-2.9191898953e-001; 
w10(2,1)=-1.7665832530e+000; w1(2,1)=-1.3636155562e+000; w1(2,2)=-8.8879575113e-001; w1(2,3)=-6.6995246435e-001; w1(2,4)=-1.5744248797e+000; 
w10(3,1)=2.2182825476e-001; w1(3,1)=2.0904728237e+000; w1(3,2)=1.5822709435e+000; w1(3,3)=7.6735535994e-002; w1(3,4)=6.6925096283e-002; 
w10(4,1)=-4.6962206164e-001; w1(4,1)=2.6589642672e-001; w1(4,2)=-1.5291675056e-001; w1(4,3)=4.5443303558e-001; w1(4,4)=-3.9142771513e-002; 
w10(5,1)=5.2088432998e-001; w1(5,1)=1.2097241255e+000; w1(5,2)=1.2239660042e-001; w1(5,3)=-3.4502643563e-001; w1(5,4)=2.6896918117e-001; 
w10(6,1)=-3.0350706830e-001; w1(6,1)=-1.7902007426e+000; w1(6,2)=-9.2003378953e-001; w1(6,3)=3.5654093343e-001; w1(6,4)=-1.4738914297e+000; 
w20=1.9017827701e+000; w2(1)=-1.4681066268e+000; w2(2)=-2.8317472190e-001; w2(3)=-1.1600561097e-001; w2(4)=1.9905115802e+000; w2(5)=-4.4087313014e-001; w2(6)=-1.3495901173e-001; 

