
%liczba neuronów ukrytych: 4, liczba wejœæ sieci: 4
%wejœcie 1: u(k-4)
%wejœcie 2: u(k-5)
%wejœcie 3: y(k-1)
%wejœcie 4: y(k-2)
%uczenie w trybie OE
w10(1,1)=-1.7948254044e+000; w1(1,1)=-1.7403390801e+000; w1(1,2)=-1.0122254656e+000; w1(1,3)=-9.8955676661e-001; w1(1,4)=-2.2645137283e+000; 
w10(2,1)=-5.2913576562e-001; w1(2,1)=8.6329223259e-002; w1(2,2)=-2.9342206634e-001; w1(2,3)=-4.0460035024e-001; w1(2,4)=6.5620789691e-001; 
w10(3,1)=5.7168800509e-001; w1(3,1)=-2.8542782855e+000; w1(3,2)=5.6335491744e+000; w1(3,3)=-6.0271707283e-001; w1(3,4)=1.7802851333e-001; 
w10(4,1)=1.1234816649e+000; w1(4,1)=4.0838512735e-001; w1(4,2)=-6.5964663181e-001; w1(4,3)=-1.3199242811e+000; w1(4,4)=1.0072841378e+000; 
w20=2.3907088900e+000; w2(1)=-2.9502856861e-001; w2(2)=1.9661102856e+000; w2(3)=-2.6784007389e-001; w2(4)=-1.9513867862e+000; 

