
%liczba neuronów ukrytych: 8, liczba wejœæ sieci: 4
%wejœcie 1: u(k-4)
%wejœcie 2: u(k-5)
%wejœcie 3: y(k-1)
%wejœcie 4: y(k-2)
%uczenie w trybie OE
w10(1,1)=9.2809262626e-001; w1(1,1)=-6.6672316921e-001; w1(1,2)=7.2361694735e-001; w1(1,3)=-1.7982848946e-001; w1(1,4)=-2.6702527131e-001; 
w10(2,1)=-1.0267576512e-002; w1(2,1)=1.1083846263e+000; w1(2,2)=-3.7749734743e-001; w1(2,3)=-1.6332921432e+000; w1(2,4)=1.5202870728e+000; 
w10(3,1)=8.2105766294e-001; w1(3,1)=2.4607572639e-002; w1(3,2)=4.5107174867e+000; w1(3,3)=4.5809477649e-002; w1(3,4)=1.4996170299e+000; 
w10(4,1)=2.0305087180e+000; w1(4,1)=-1.3290205117e-001; w1(4,2)=-4.1979084785e-001; w1(4,3)=5.5578562699e-001; w1(4,4)=-9.8343901100e-001; 
w10(5,1)=-6.4108545336e-001; w1(5,1)=7.0452155279e-001; w1(5,2)=-1.2373806568e-001; w1(5,3)=-4.1925180600e-001; w1(5,4)=1.1207341310e+000; 
w10(6,1)=-7.8206810585e-001; w1(6,1)=2.7047018845e-001; w1(6,2)=-3.5081250974e-001; w1(6,3)=-1.8135467626e+000; w1(6,4)=1.6347115146e-001; 
w10(7,1)=6.9502544754e-001; w1(7,1)=4.9364680758e-001; w1(7,2)=6.0704082023e-001; w1(7,3)=-1.9492132375e-002; w1(7,4)=-4.3181372140e-001; 
w10(8,1)=7.5963164125e-001; w1(8,1)=6.8741494745e-001; w1(8,2)=-8.2059089333e-002; w1(8,3)=2.2211212879e-001; w1(8,4)=1.1512406888e+000; 
w20=1.4125513563e+000; w2(1)=-9.5694437779e-001; w2(2)=-9.0829799553e-001; w2(3)=6.7650489276e-003; w2(4)=-6.9907386628e-001; w2(5)=4.9158040733e-001; w2(6)=3.9516431272e-001; w2(7)=-1.0271709679e-001; w2(8)=8.5201435583e-001; 

