
%liczba neuronów ukrytych: 8, liczba wejœæ sieci: 4
%wejœcie 1: u(k-4)
%wejœcie 2: u(k-5)
%wejœcie 3: y(k-1)
%wejœcie 4: y(k-2)
%uczenie w trybie OE
w10(1,1)=6.6842068424e-002; w1(1,1)=-1.6301883142e-001; w1(1,2)=4.4261415327e-001; w1(1,3)=-9.8604339092e-001; w1(1,4)=4.3888772944e-001; 
w10(2,1)=-1.3089531495e-001; w1(2,1)=3.0575171076e-001; w1(2,2)=1.7040044828e+000; w1(2,3)=-8.0393904253e-001; w1(2,4)=7.0578177811e-001; 
w10(3,1)=-9.0807275284e-001; w1(3,1)=-6.8597020490e-001; w1(3,2)=-1.7533590638e+000; w1(3,3)=-2.2693285141e-001; w1(3,4)=-5.8646933295e-001; 
w10(4,1)=7.5101289408e-001; w1(4,1)=1.1858144956e+000; w1(4,2)=1.4099594054e+000; w1(4,3)=3.5595496420e-001; w1(4,4)=-3.4423414889e-001; 
w10(5,1)=9.4772925666e-001; w1(5,1)=-1.4096469066e-001; w1(5,2)=6.7354773317e-001; w1(5,3)=6.6610950184e-001; w1(5,4)=-1.1018908386e+000; 
w10(6,1)=-1.7191039308e-001; w1(6,1)=4.8136195346e-001; w1(6,2)=-7.2396750337e-001; w1(6,3)=7.8878818224e-002; w1(6,4)=-5.1748751051e-001; 
w10(7,1)=2.6950098607e+000; w1(7,1)=-7.3272630539e-001; w1(7,2)=1.0332837817e-001; w1(7,3)=4.4927146812e-001; w1(7,4)=3.1754084427e-001; 
w10(8,1)=-1.4388790784e-001; w1(8,1)=-1.0172157015e+000; w1(8,2)=-3.4651965628e-001; w1(8,3)=-1.7981025393e-001; w1(8,4)=6.1687507558e-001; 
w20=2.3109951937e+000; w2(1)=-9.1060237718e-001; w2(2)=-3.0675067622e-001; w2(3)=-1.7794141415e-001; w2(4)=-2.8197633918e-001; w2(5)=-7.6605555077e-001; w2(6)=-8.7419874536e-001; w2(7)=-1.9165418097e+000; w2(8)=-5.3334247124e-001; 

