
%liczba neuronów ukrytych: 8, liczba wejœæ sieci: 4
%wejœcie 1: u(k-4)
%wejœcie 2: u(k-5)
%wejœcie 3: y(k-1)
%wejœcie 4: y(k-2)
%uczenie w trybie OE
w10(1,1)=-9.4066690579e-001; w1(1,1)=-2.2308493199e-001; w1(1,2)=3.0990993540e-002; w1(1,3)=2.5275067430e-001; w1(1,4)=2.5783731338e-001; 
w10(2,1)=2.2367557057e-001; w1(2,1)=7.2015744398e-001; w1(2,2)=1.7365423793e+000; w1(2,3)=2.5271495012e-001; w1(2,4)=1.0746928834e-002; 
w10(3,1)=8.7199182677e-001; w1(3,1)=-7.6106446995e-001; w1(3,2)=1.5455976727e+000; w1(3,3)=-1.5917780568e+000; w1(3,4)=8.1819686411e-001; 
w10(4,1)=1.7972220326e+000; w1(4,1)=1.2036273159e+000; w1(4,2)=2.2281909285e+000; w1(4,3)=1.2093414000e+000; w1(4,4)=4.2183578301e-001; 
w10(5,1)=1.7419785140e+000; w1(5,1)=-1.3053418769e-001; w1(5,2)=-1.2349658294e-001; w1(5,3)=-9.8005923379e-002; w1(5,4)=-6.8648318968e-001; 
w10(6,1)=-2.1375219438e-001; w1(6,1)=9.0997690907e-002; w1(6,2)=-9.1909203200e-002; w1(6,3)=-3.0503497096e-001; w1(6,4)=-1.1798119060e+000; 
w10(7,1)=-4.8140851041e-001; w1(7,1)=-1.6246745840e+000; w1(7,2)=-9.6845568959e-001; w1(7,3)=3.6815903712e-001; w1(7,4)=-5.7477166395e-001; 
w10(8,1)=-7.5505215245e-001; w1(8,1)=-1.0833983036e+000; w1(8,2)=-5.0335171093e-001; w1(8,3)=4.5734016316e-001; w1(8,4)=-1.2888680303e+000; 
w20=1.0341785729e+000; w2(1)=6.9074460378e-001; w2(2)=-1.5363360004e-001; w2(3)=-4.1249326417e-001; w2(4)=2.5185758118e-003; w2(5)=-4.7215548398e-001; w2(6)=-2.7824401726e-001; w2(7)=5.8441574304e-002; w2(8)=-3.2217267349e-001; 

