
%liczba neuronów ukrytych: 6, liczba wejœæ sieci: 4
%wejœcie 1: u(k-4)
%wejœcie 2: u(k-5)
%wejœcie 3: y(k-1)
%wejœcie 4: y(k-2)
%uczenie w trybie OE
w10(1,1)=-1.7324158932e-001; w1(1,1)=-1.0447937617e-002; w1(1,2)=-3.2860731396e-002; w1(1,3)=1.1681997856e+000; w1(1,4)=-6.8876520161e-001; 
w10(2,1)=-1.2794998483e+000; w1(2,1)=-4.3708066691e-001; w1(2,2)=4.4040881102e-001; w1(2,3)=1.2134039069e+000; w1(2,4)=-4.5929892020e-001; 
w10(3,1)=3.5222812539e-001; w1(3,1)=-1.9040540972e+000; w1(3,2)=-2.2800207611e+000; w1(3,3)=-1.4171155058e+000; w1(3,4)=7.7669862008e-001; 
w10(4,1)=-8.2532586886e-002; w1(4,1)=-3.2262806693e-001; w1(4,2)=4.0848143246e-001; w1(4,3)=-5.7362300648e-001; w1(4,4)=-5.2825136971e-001; 
w10(5,1)=7.2059935641e-001; w1(5,1)=-8.8156229286e-001; w1(5,2)=-5.0440075611e-001; w1(5,3)=1.3584978050e+000; w1(5,4)=5.5433858677e-001; 
w10(6,1)=1.5904532172e+000; w1(6,1)=-6.8098001728e-001; w1(6,2)=7.9695749014e-001; w1(6,3)=-8.2404770905e-002; w1(6,4)=-6.2701536176e-001; 
w20=1.0681000875e+000; w2(1)=3.7725698777e-001; w2(2)=6.3277295033e-001; w2(3)=1.7050602040e-001; w2(4)=-6.9039453687e-001; w2(5)=-2.1168889863e-001; w2(6)=-4.9258006806e-001; 

