
%liczba neuronów ukrytych: 5, liczba wejœæ sieci: 4
%wejœcie 1: u(k-4)
%wejœcie 2: u(k-5)
%wejœcie 3: y(k-1)
%wejœcie 4: y(k-2)
%uczenie w trybie OE
w10(1,1)=9.5520074925e-002; w1(1,1)=5.2885019353e-001; w1(1,2)=-4.4794177637e-001; w1(1,3)=7.4559988823e-001; w1(1,4)=1.7016137471e-001; 
w10(2,1)=1.1057911486e+000; w1(2,1)=-3.5251927438e-001; w1(2,2)=8.6323242174e-001; w1(2,3)=9.1908532518e-001; w1(2,4)=3.0420388130e-001; 
w10(3,1)=-9.3945453494e-001; w1(3,1)=1.1049358517e-001; w1(3,2)=-2.8961785566e-001; w1(3,3)=2.2765769815e-001; w1(3,4)=2.5743774501e-001; 
w10(4,1)=-4.6244386601e-001; w1(4,1)=-1.3889123254e+000; w1(4,2)=-1.6317242199e-001; w1(4,3)=2.2055501535e+000; w1(4,4)=-1.9710593689e+000; 
w10(5,1)=-8.8370195925e-001; w1(5,1)=-1.4729396797e+000; w1(5,2)=-3.2746275273e-001; w1(5,3)=2.2119063787e-001; w1(5,4)=-7.6660224142e-001; 
w20=7.9697956977e-001; w2(1)=3.4511541712e-001; w2(2)=3.5393706463e-001; w2(3)=1.5144291856e+000; w2(4)=3.0651592339e-001; w2(5)=-1.8769108329e-001; 

