
%liczba neuronów ukrytych: 2, liczba wejœæ sieci: 4
%wejœcie 1: u(k-4)
%wejœcie 2: u(k-5)
%wejœcie 3: y(k-1)
%wejœcie 4: y(k-2)
%uczenie w trybie OE
w10(1,1)=-1.1390566450e+000; w1(1,1)=3.7169228857e-001; w1(1,2)=-1.6095761405e+000; w1(1,3)=-5.7799367785e-001; w1(1,4)=1.0214050529e+000; 
w10(2,1)=1.4280320269e+000; w1(2,1)=-6.4152692329e-001; w1(2,2)=2.5640567140e+000; w1(2,3)=1.1369312921e+000; w1(2,4)=-1.5266392232e+000; 
w20=1.2418923787e+000; w2(1)=5.2085842721e+000; w2(2)=3.3802353273e+000; 

