
%liczba neuronów ukrytych: 7, liczba wejœæ sieci: 4
%wejœcie 1: u(k-4)
%wejœcie 2: u(k-5)
%wejœcie 3: y(k-1)
%wejœcie 4: y(k-2)
%uczenie w trybie OE
w10(1,1)=-5.1251548357e-001; w1(1,1)=3.0964448494e-001; w1(1,2)=3.3148823032e-001; w1(1,3)=-3.4250329517e-001; w1(1,4)=5.3079080166e-003; 
w10(2,1)=-7.0423547061e-001; w1(2,1)=3.2909276333e-001; w1(2,2)=-6.1096404025e-002; w1(2,3)=-6.3549193279e-001; w1(2,4)=1.1935039454e+000; 
w10(3,1)=-6.3530658601e-001; w1(3,1)=-3.0777477507e-001; w1(3,2)=-5.4941433827e-001; w1(3,3)=-6.6313397103e-001; w1(3,4)=-8.7254084497e-001; 
w10(4,1)=3.2828908871e-001; w1(4,1)=1.8236230953e-001; w1(4,2)=1.7037443430e-001; w1(4,3)=-1.2905311646e+000; w1(4,4)=8.9105408059e-001; 
w10(5,1)=2.1744937581e+000; w1(5,1)=2.1345234490e+000; w1(5,2)=3.0140647716e+000; w1(5,3)=3.3054012817e-001; w1(5,4)=-3.6766930972e-001; 
w10(6,1)=-1.6771580832e+000; w1(6,1)=2.0811263242e+000; w1(6,2)=1.5061417293e+000; w1(6,3)=-8.6882170291e-001; w1(6,4)=-2.8216713768e-001; 
w10(7,1)=-5.8458366314e-001; w1(7,1)=1.0326409065e+000; w1(7,2)=1.4093095467e+000; w1(7,3)=3.2920019552e-001; w1(7,4)=2.3349592008e-001; 
w20=9.7327195773e-001; w2(1)=3.1828198308e-001; w2(2)=1.1279730812e+000; w2(3)=-3.0590398065e-001; w2(4)=-1.1073837350e+000; w2(5)=-2.3052107096e-002; w2(6)=1.3655473001e-001; w2(7)=-3.6082396072e-001; 

