
%liczba neuronów ukrytych: 9, liczba wejœæ sieci: 4
%wejœcie 1: u(k-4)
%wejœcie 2: u(k-5)
%wejœcie 3: y(k-1)
%wejœcie 4: y(k-2)
%uczenie w trybie OE
w10(1,1)=-1.7616385299e-001; w1(1,1)=1.2819949954e-001; w1(1,2)=6.1879244402e-001; w1(1,3)=7.9335913295e-002; w1(1,4)=1.3631170003e-001; 
w10(2,1)=-1.4433784966e+000; w1(2,1)=-1.0033541808e-001; w1(2,2)=7.3853890109e-002; w1(2,3)=-6.8333613982e-001; w1(2,4)=-5.2747008914e-001; 
w10(3,1)=4.3644974641e-001; w1(3,1)=-1.0174556110e-001; w1(3,2)=3.9292903373e-001; w1(3,3)=-7.6327884718e-001; w1(3,4)=1.6369585560e-001; 
w10(4,1)=3.8132579856e-001; w1(4,1)=-5.8593727953e-001; w1(4,2)=-4.8963059581e-001; w1(4,3)=6.3803885474e-001; w1(4,4)=-7.4968945553e-001; 
w10(5,1)=3.0318390415e-001; w1(5,1)=-6.7001831879e-001; w1(5,2)=-5.3396953987e-001; w1(5,3)=6.6078734367e-001; w1(5,4)=1.1996100000e-001; 
w10(6,1)=1.1763133691e+000; w1(6,1)=3.3421518717e-001; w1(6,2)=9.4276540898e-001; w1(6,3)=5.8367073354e-002; w1(6,4)=2.3789490905e-001; 
w10(7,1)=5.4183315557e-001; w1(7,1)=-1.3924078065e-001; w1(7,2)=-3.0023154641e-001; w1(7,3)=2.6022026108e-001; w1(7,4)=1.2222873550e+000; 
w10(8,1)=2.0530009218e+000; w1(8,1)=1.4492600220e-001; w1(8,2)=1.4019092721e-001; w1(8,3)=-4.2589692370e-003; w1(8,4)=-7.6860903551e-001; 
w10(9,1)=-1.1713787917e+000; w1(9,1)=4.7081127512e-001; w1(9,2)=3.9291742110e-001; w1(9,3)=-6.3388551953e-001; w1(9,4)=4.7087367561e-001; 
w20=1.9756909580e+000; w2(1)=4.1387715408e-001; w2(2)=5.6865921146e-001; w2(3)=-1.3703304573e+000; w2(4)=7.4878590247e-001; w2(5)=-2.0149362844e-001; w2(6)=3.0020287925e-001; w2(7)=4.4680997400e-001; w2(8)=-6.1654679792e-001; w2(9)=1.1121935363e+000; 

