
%liczba neuronów ukrytych: 10, liczba wejœæ sieci: 4
%wejœcie 1: u(k-4)
%wejœcie 2: u(k-5)
%wejœcie 3: y(k-1)
%wejœcie 4: y(k-2)
%uczenie w trybie OE
w10(1,1)=3.0944984451e-001; w1(1,1)=3.7898110858e-001; w1(1,2)=2.5493776059e-001; w1(1,3)=-6.7206976417e-001; w1(1,4)=-1.4978999758e+000; 
w10(2,1)=1.8304526402e+000; w1(2,1)=9.2624561654e-001; w1(2,2)=2.7630512238e+000; w1(2,3)=-9.0495377564e-001; w1(2,4)=-3.1198217795e-001; 
w10(3,1)=-1.0469831659e+000; w1(3,1)=-5.6483462946e-001; w1(3,2)=4.4000355870e-001; w1(3,3)=1.1668715962e-001; w1(3,4)=-1.1881898200e+000; 
w10(4,1)=5.4372799639e-001; w1(4,1)=2.7657907719e-001; w1(4,2)=-5.6721334801e-002; w1(4,3)=-8.7260125287e-001; w1(4,4)=4.1626076882e-001; 
w10(5,1)=7.2740475860e-001; w1(5,1)=9.9134812947e-001; w1(5,2)=-1.1787362803e-001; w1(5,3)=-4.6139627963e-001; w1(5,4)=-1.6831425967e-001; 
w10(6,1)=-3.5080236174e-001; w1(6,1)=6.1475985133e-001; w1(6,2)=-5.8468331883e-001; w1(6,3)=-9.6505031974e-001; w1(6,4)=1.0255196992e+000; 
w10(7,1)=1.7575777240e-001; w1(7,1)=-5.2850366241e-001; w1(7,2)=-6.9429816590e-001; w1(7,3)=-5.9005261705e-001; w1(7,4)=6.8995873155e-001; 
w10(8,1)=1.6942058543e-001; w1(8,1)=3.3278106562e-001; w1(8,2)=-2.1731562331e+000; w1(8,3)=-1.3998150442e-001; w1(8,4)=-6.2314060572e-002; 
w10(9,1)=-1.4399686886e+000; w1(9,1)=4.5450052614e-001; w1(9,2)=-6.6104126851e-001; w1(9,3)=3.4391965462e-001; w1(9,4)=4.1213013689e-001; 
w10(10,1)=-2.2665732981e-001; w1(10,1)=4.8985446515e-001; w1(10,2)=-1.0018103916e+000; w1(10,3)=2.9985329230e-001; w1(10,4)=-7.3097696499e-001; 
w20=7.3149870596e-001; w2(1)=-1.3699434467e-001; w2(2)=-2.1967461523e-002; w2(3)=-1.9705016214e-001; w2(4)=-4.5694746870e-001; w2(5)=-2.7916359848e-001; w2(6)=2.0684992456e-001; w2(7)=-5.6881423520e-001; w2(8)=6.5760606077e-001; w2(9)=5.9311394764e-001; w2(10)=-7.2822055644e-001; 

