
%liczba neuronów ukrytych: 9, liczba wejœæ sieci: 4
%wejœcie 1: u(k-4)
%wejœcie 2: u(k-5)
%wejœcie 3: y(k-1)
%wejœcie 4: y(k-2)
%uczenie w trybie OE
w10(1,1)=4.4101514891e-001; w1(1,1)=1.5212047819e-001; w1(1,2)=-4.2028189939e-001; w1(1,3)=-3.0981976000e-002; w1(1,4)=1.3664480811e+000; 
w10(2,1)=-4.3399627744e-002; w1(2,1)=-7.9147884645e-001; w1(2,2)=-1.5058651354e-001; w1(2,3)=2.0429442378e-001; w1(2,4)=-4.9342896006e-001; 
w10(3,1)=2.9759849860e-001; w1(3,1)=-1.2847100616e+000; w1(3,2)=-2.6336317541e-001; w1(3,3)=7.3692374506e-001; w1(3,4)=-1.1531911054e+000; 
w10(4,1)=3.0531835516e-001; w1(4,1)=3.5977977568e-001; w1(4,2)=-7.2128841024e-002; w1(4,3)=-4.5171369812e-001; w1(4,4)=6.7551990711e-001; 
w10(5,1)=-7.6661988422e-001; w1(5,1)=-2.8380424111e-001; w1(5,2)=-3.2091765673e-001; w1(5,3)=1.6486724761e-001; w1(5,4)=1.4440872709e-001; 
w10(6,1)=2.6433744377e-001; w1(6,1)=-2.9391416914e-001; w1(6,2)=1.2178226890e+000; w1(6,3)=1.1179921504e+000; w1(6,4)=-1.2654801846e+000; 
w10(7,1)=5.8186150569e-001; w1(7,1)=1.0903758234e+000; w1(7,2)=1.9940594027e+000; w1(7,3)=8.3483508612e-001; w1(7,4)=-9.4276599314e-001; 
w10(8,1)=-7.5724464836e-001; w1(8,1)=7.9351997191e-001; w1(8,2)=-1.1505694575e+000; w1(8,3)=1.4683104683e-001; w1(8,4)=1.9833734013e-001; 
w10(9,1)=4.3004938765e-001; w1(9,1)=1.9298723912e-001; w1(9,2)=-1.3496041760e-002; w1(9,3)=-3.5809157176e-001; w1(9,4)=-4.6155415301e-002; 
w20=8.5788114842e-001; w2(1)=1.8839019175e-001; w2(2)=-7.6320774260e-001; w2(3)=4.0578239505e-001; w2(4)=4.0488028883e-001; w2(5)=6.9021498783e-001; w2(6)=3.8331446338e-001; w2(7)=-1.5875524999e-001; w2(8)=6.3784139362e-001; w2(9)=-9.1554853588e-001; 

