
%liczba neuronów ukrytych: 9, liczba wejœæ sieci: 4
%wejœcie 1: u(k-4)
%wejœcie 2: u(k-5)
%wejœcie 3: y(k-1)
%wejœcie 4: y(k-2)
%uczenie w trybie OE
w10(1,1)=-2.6247786037e-001; w1(1,1)=-3.4671502452e-001; w1(1,2)=3.2580961099e-001; w1(1,3)=-5.0998496268e-002; w1(1,4)=-1.7362752757e+000; 
w10(2,1)=-9.7963906203e-001; w1(2,1)=1.8365104224e-001; w1(2,2)=-3.5396069431e-001; w1(2,3)=4.1984208077e-001; w1(2,4)=9.8178807037e-002; 
w10(3,1)=4.6283113952e-002; w1(3,1)=1.2060189650e+000; w1(3,2)=1.8373796917e+000; w1(3,3)=1.3104222548e+000; w1(3,4)=-9.8901807738e-001; 
w10(4,1)=-1.1180623626e+000; w1(4,1)=-2.4780673242e-001; w1(4,2)=2.3224907959e-001; w1(4,3)=7.8808886235e-001; w1(4,4)=-3.3568563737e-001; 
w10(5,1)=2.4175865609e+000; w1(5,1)=-1.0334654576e+000; w1(5,2)=2.0779731754e-001; w1(5,3)=1.7454580358e+000; w1(5,4)=1.4282984433e-001; 
w10(6,1)=-7.3894960459e-001; w1(6,1)=-5.8287994154e-001; w1(6,2)=-7.2619102411e-001; w1(6,3)=-7.1378055219e-001; w1(6,4)=1.8347667733e-001; 
w10(7,1)=-6.0877382592e-001; w1(7,1)=-7.6658511250e-001; w1(7,2)=-1.6371197273e+000; w1(7,3)=-3.6017707494e-001; w1(7,4)=7.6107249917e-001; 
w10(8,1)=1.2211402243e+000; w1(8,1)=9.1048270057e-001; w1(8,2)=2.9663799265e+000; w1(8,3)=-9.3241698582e-001; w1(8,4)=3.3305703405e-001; 
w10(9,1)=-7.7505397419e-001; w1(9,1)=-3.7063995662e-001; w1(9,2)=-1.1206774068e+000; w1(9,3)=-3.4293123937e-001; w1(9,4)=1.1407258134e+000; 
w20=1.3994735752e+000; w2(1)=-2.7725092050e-001; w2(2)=9.2087259060e-001; w2(3)=-1.8849315870e-001; w2(4)=8.7437878428e-001; w2(5)=-6.5834763682e-002; w2(6)=-2.3097563275e-001; w2(7)=-3.4990461608e-001; w2(8)=-1.6035599824e-001; w2(9)=3.0518720327e-001; 

