
%liczba neuronów ukrytych: 5, liczba wejœæ sieci: 4
%wejœcie 1: u(k-4)
%wejœcie 2: u(k-5)
%wejœcie 3: y(k-1)
%wejœcie 4: y(k-2)
%uczenie w trybie OE
w10(1,1)=-3.3319960838e-001; w1(1,1)=6.9140646423e-001; w1(1,2)=1.6603003289e+000; w1(1,3)=3.4187028369e-001; w1(1,4)=-3.9848415812e-002; 
w10(2,1)=1.7049605175e-001; w1(2,1)=4.4461683869e-002; w1(2,2)=-6.9200033943e-002; w1(2,3)=-4.1700463481e-001; w1(2,4)=2.4149828821e+000; 
w10(3,1)=-7.6964176244e-001; w1(3,1)=-2.6187838133e-001; w1(3,2)=3.1792200025e-001; w1(3,3)=2.0281818678e-001; w1(3,4)=1.9705628346e-001; 
w10(4,1)=3.2338978790e-001; w1(4,1)=-2.9949132239e-001; w1(4,2)=3.2877988356e-001; w1(4,3)=-7.3382037676e-001; w1(4,4)=3.2419900969e-001; 
w10(5,1)=-8.5013795853e-001; w1(5,1)=1.0063990670e+000; w1(5,2)=4.0975789965e-001; w1(5,3)=-1.9390471048e+000; w1(5,4)=7.9581734183e-001; 
w20=1.3235987937e+000; w2(1)=-3.2251547365e-001; w2(2)=1.8811452355e-001; w2(3)=1.3319377496e+000; w2(4)=-1.2230488249e+000; w2(5)=3.1447872668e-001; 

