
%liczba neuronów ukrytych: 7, liczba wejœæ sieci: 4
%wejœcie 1: u(k-4)
%wejœcie 2: u(k-5)
%wejœcie 3: y(k-1)
%wejœcie 4: y(k-2)
%uczenie w trybie OE
w10(1,1)=1.9131063132e-001; w1(1,1)=-7.5820981611e-001; w1(1,2)=1.2307766076e+000; w1(1,3)=3.2598915521e-001; w1(1,4)=-1.2699970517e+000; 
w10(2,1)=1.4136427453e+000; w1(2,1)=4.6552890517e-001; w1(2,2)=6.0357982984e-001; w1(2,3)=1.5230936615e+000; w1(2,4)=1.1328381540e+000; 
w10(3,1)=6.0278702558e-001; w1(3,1)=3.1660047069e-001; w1(3,2)=3.1059888293e+000; w1(3,3)=-2.7430104679e-001; w1(3,4)=1.8798445931e-001; 
w10(4,1)=-3.3452996841e-001; w1(4,1)=-4.7172424397e-002; w1(4,2)=3.5050348908e-001; w1(4,3)=8.5998798080e-001; w1(4,4)=-2.8010860249e-001; 
w10(5,1)=-1.8089166242e+000; w1(5,1)=2.2111822248e+000; w1(5,2)=7.5427850556e-001; w1(5,3)=3.3037773694e-001; w1(5,4)=1.5428067897e+000; 
w10(6,1)=1.5667603177e+000; w1(6,1)=-1.5288274045e-001; w1(6,2)=6.3596974742e-001; w1(6,3)=-3.4469754788e-001; w1(6,4)=-3.1426004069e-001; 
w10(7,1)=1.2568614522e+000; w1(7,1)=-1.2217390663e+000; w1(7,2)=-8.2362299451e-001; w1(7,3)=1.1999472284e+000; w1(7,4)=-2.2182247163e+000; 
w20=7.6582878274e-001; w2(1)=-3.3834765888e-001; w2(2)=1.9091422351e-001; w2(3)=-1.2121285404e-001; w2(4)=8.1570371271e-001; w2(5)=1.9324935286e-001; w2(6)=-6.8205746693e-001; w2(7)=3.1302564244e-001; 

