
%liczba neuronów ukrytych: 5, liczba wejœæ sieci: 4
%wejœcie 1: u(k-4)
%wejœcie 2: u(k-5)
%wejœcie 3: y(k-1)
%wejœcie 4: y(k-2)
%uczenie w trybie OE
w10(1,1)=1.1092373658e+000; w1(1,1)=-1.2178998404e+000; w1(1,2)=-1.1449463123e+000; w1(1,3)=2.7921898572e-001; w1(1,4)=8.3773247473e-001; 
w10(2,1)=-2.4789444274e-001; w1(2,1)=1.7814604232e-001; w1(2,2)=-1.4539421165e+000; w1(2,3)=1.5171062809e+000; w1(2,4)=1.1276771922e+000; 
w10(3,1)=5.1747027285e-001; w1(3,1)=1.1544880834e+000; w1(3,2)=2.2281239857e+000; w1(3,3)=-1.3172095488e+000; w1(3,4)=-1.3874661440e+000; 
w10(4,1)=5.0009406867e-001; w1(4,1)=1.3860215320e-001; w1(4,2)=-2.0375248328e-001; w1(4,3)=-2.7000996057e-001; w1(4,4)=-2.0833031588e-001; 
w10(5,1)=-3.5645977555e-001; w1(5,1)=-1.0795525912e-001; w1(5,2)=2.5377099684e+000; w1(5,3)=8.0840489793e-001; w1(5,4)=-4.4218770856e-001; 
w20=1.0668809064e+000; w2(1)=-3.6809252580e-001; w2(2)=2.6198411875e-001; w2(3)=1.5578930441e-001; w2(4)=-2.0987335614e+000; w2(5)=-5.4378356152e-001; 

