
%liczba neuronów ukrytych: 4, liczba wejœæ sieci: 4
%wejœcie 1: u(k-4)
%wejœcie 2: u(k-5)
%wejœcie 3: y(k-1)
%wejœcie 4: y(k-2)
%uczenie w trybie OE
w10(1,1)=-8.8824219306e-001; w1(1,1)=2.8982395109e-002; w1(1,2)=-1.3127546400e-001; w1(1,3)=4.5171252244e-001; w1(1,4)=2.6672645528e-002; 
w10(2,1)=8.8235843355e-001; w1(2,1)=-4.4688541986e+000; w1(2,2)=8.3653264275e+000; w1(2,3)=-5.3592349896e-001; w1(2,4)=3.3113747647e-001; 
w10(3,1)=-3.5027708959e-001; w1(3,1)=2.7883026325e+000; w1(3,2)=-1.7381976295e+000; w1(3,3)=-2.8172776660e+000; w1(3,4)=2.6804206408e+000; 
w10(4,1)=-6.1361447137e-001; w1(4,1)=-3.3420127318e-001; w1(4,2)=6.9613526415e-002; w1(4,3)=-4.2305905454e-002; w1(4,4)=-7.7989460539e-001; 
w20=8.1382466035e-001; w2(1)=1.7406116573e+000; w2(2)=-9.2948679628e-002; w2(3)=-1.3604734491e-001; w2(4)=-8.1064459871e-001; 

