
%liczba neuronów ukrytych: 10, liczba wejœæ sieci: 4
%wejœcie 1: u(k-4)
%wejœcie 2: u(k-5)
%wejœcie 3: y(k-1)
%wejœcie 4: y(k-2)
%uczenie w trybie OE
w10(1,1)=-9.1285972281e-001; w1(1,1)=8.3251465490e-002; w1(1,2)=6.3230559656e-001; w1(1,3)=1.6683097485e-001; w1(1,4)=-3.7990865876e-001; 
w10(2,1)=8.8017817856e-001; w1(2,1)=-3.4895093396e-001; w1(2,2)=8.7087982034e-002; w1(2,3)=-3.6872965622e-002; w1(2,4)=-4.3282832560e-001; 
w10(3,1)=3.0465085739e-001; w1(3,1)=-6.9322561871e-001; w1(3,2)=-4.0530384656e-001; w1(3,3)=2.3317444526e-001; w1(3,4)=2.6079965491e-001; 
w10(4,1)=-1.5845765108e+000; w1(4,1)=5.2620140120e-001; w1(4,2)=-1.7131502606e-001; w1(4,3)=-1.0147420299e+000; w1(4,4)=5.2649524882e-001; 
w10(5,1)=-1.8486272481e-001; w1(5,1)=-9.1981133239e-001; w1(5,2)=-3.1056323914e-001; w1(5,3)=7.6178664924e-001; w1(5,4)=-6.9964310271e-001; 
w10(6,1)=-2.9762137682e+000; w1(6,1)=2.8192219430e-001; w1(6,2)=-9.4177239775e-001; w1(6,3)=1.0785685090e-001; w1(6,4)=1.2987369622e-001; 
w10(7,1)=-8.8217600543e-001; w1(7,1)=-6.3497871590e-001; w1(7,2)=-6.0011344593e-001; w1(7,3)=3.6694854609e-002; w1(7,4)=-5.3454675866e-001; 
w10(8,1)=-5.0630457384e-001; w1(8,1)=-9.8698302608e-002; w1(8,2)=-6.1592593800e-002; w1(8,3)=5.0268591930e-002; w1(8,4)=7.8789038000e-001; 
w10(9,1)=1.0463018578e-001; w1(9,1)=-8.2951097596e-001; w1(9,2)=4.7730358077e-001; w1(9,3)=1.6100802296e-001; w1(9,4)=9.1097083423e-002; 
w10(10,1)=-6.5529849531e-002; w1(10,1)=-1.1062114033e-002; w1(10,2)=2.8934561678e-001; w1(10,3)=-3.3988059077e-001; w1(10,4)=-4.2775681632e-002; 
w20=2.0104678416e+000; w2(1)=6.2613480947e-001; w2(2)=-7.0599085539e-001; w2(3)=-5.4299098163e-001; w2(4)=-4.9660459780e-003; w2(5)=5.0587014772e-001; w2(6)=1.6116557440e+000; w2(7)=-5.9938362432e-001; w2(8)=-3.3153851231e-001; w2(9)=3.8779594133e-001; w2(10)=-2.6377209697e+000; 

