
%liczba neuronów ukrytych: 4, liczba wejœæ sieci: 4
%wejœcie 1: u(k-4)
%wejœcie 2: u(k-5)
%wejœcie 3: y(k-1)
%wejœcie 4: y(k-2)
%uczenie w trybie OE
w10(1,1)=2.8175480304e-001; w1(1,1)=-1.8090130410e-001; w1(1,2)=1.9032500239e+000; w1(1,3)=-2.2310196774e-002; w1(1,4)=2.6290091887e-002; 
w10(2,1)=3.4943665120e+000; w1(2,1)=6.3231761158e-001; w1(2,2)=-1.4507426907e+000; w1(2,3)=-2.0572984953e+000; w1(2,4)=7.0420738006e-002; 
w10(3,1)=6.5995689927e-001; w1(3,1)=-1.1468864246e-001; w1(3,2)=5.2637802355e-001; w1(3,3)=1.2402493673e-001; w1(3,4)=-9.6663940606e-001; 
w10(4,1)=7.4437227859e-001; w1(4,1)=-1.2426142390e+000; w1(4,2)=2.9934703041e+000; w1(4,3)=2.4519030680e-001; w1(4,4)=1.1836065387e+000; 
w20=6.0623551337e-001; w2(1)=-5.5278318981e-001; w2(2)=-3.8321889364e-001; w2(3)=-6.8595605867e-001; w2(4)=5.1507966808e-001; 

