
%liczba neuronów ukrytych: 2, liczba wejœæ sieci: 4
%wejœcie 1: u(k-4)
%wejœcie 2: u(k-5)
%wejœcie 3: y(k-1)
%wejœcie 4: y(k-2)
%uczenie w trybie OE
w10(1,1)=-3.2423217415e-001; w1(1,1)=-6.6054558378e-001; w1(1,2)=1.2731742805e+001; w1(1,3)=1.2956025073e+001; w1(1,4)=-1.0304504160e+001; 
w10(2,1)=-6.1514138418e-001; w1(2,1)=-1.2984437105e-001; w1(2,2)=1.1841973241e-001; w1(2,3)=6.1423923708e-001; w1(2,4)=-1.3009753537e-001; 
w20=1.1802731388e+000; w2(1)=-1.3343230052e-001; w2(2)=2.1591150542e+000; 

