
%liczba neuronów ukrytych: 1, liczba wejœæ sieci: 4
%wejœcie 1: u(k-4)
%wejœcie 2: u(k-5)
%wejœcie 3: y(k-1)
%wejœcie 4: y(k-2)
%uczenie w trybie OE
w10(1,1)=5.0704475707e-001; w1(1,1)=1.2641901547e-001; w1(1,2)=1.0915305757e-001; w1(1,3)=5.3871684311e-002; w1(1,4)=-4.5318159470e-001; 
w20=1.0819818647e+000; w2(1)=-2.3004694759e+000; 

