
%liczba neuronów ukrytych: 4, liczba wejœæ sieci: 4
%wejœcie 1: u(k-4)
%wejœcie 2: u(k-5)
%wejœcie 3: y(k-1)
%wejœcie 4: y(k-2)
%uczenie w trybie OE
w10(1,1)=8.7985794455e-001; w1(1,1)=5.8794301375e+000; w1(1,2)=4.1462100312e+000; w1(1,3)=4.1477195287e-001; w1(1,4)=2.9973026211e+000; 
w10(2,1)=-4.9540008356e-001; w1(2,1)=-9.8282436198e-002; w1(2,2)=8.3703255039e-002; w1(2,3)=2.1627313993e-001; w1(2,4)=1.0956143568e-001; 
w10(3,1)=-7.2148825548e-001; w1(3,1)=-3.1130910829e+000; w1(3,2)=-9.9873644719e+000; w1(3,3)=-3.0424033876e+000; w1(3,4)=5.8965081881e-001; 
w10(4,1)=-1.7145166447e+000; w1(4,1)=-1.6232217704e+000; w1(4,2)=2.3574595054e+000; w1(4,3)=-3.1450991421e-001; w1(4,4)=1.2183473975e+000; 
w20=1.1835993966e+000; w2(1)=4.6187493766e-002; w2(2)=3.4799852112e+000; w2(3)=1.2072085736e-001; w2(4)=-4.7111110312e-001; 

