
%liczba neuronów ukrytych: 6, liczba wejœæ sieci: 4
%wejœcie 1: u(k-4)
%wejœcie 2: u(k-5)
%wejœcie 3: y(k-1)
%wejœcie 4: y(k-2)
%uczenie w trybie OE
w10(1,1)=1.1581740830e+000; w1(1,1)=5.3897900354e-001; w1(1,2)=1.0619146906e+000; w1(1,3)=-3.6344956843e-001; w1(1,4)=1.0778512142e+000; 
w10(2,1)=1.3240304245e+000; w1(2,1)=-1.7449996540e-001; w1(2,2)=-1.1240729549e-001; w1(2,3)=-1.9968933650e-001; w1(2,4)=-8.8344340599e-002; 
w10(3,1)=-4.3272551934e-002; w1(3,1)=-6.4202559781e-001; w1(3,2)=9.4253213529e-001; w1(3,3)=4.5757464809e-001; w1(3,4)=-1.6222732896e+000; 
w10(4,1)=8.8990958682e-001; w1(4,1)=3.5642291880e-001; w1(4,2)=9.6281707598e-002; w1(4,3)=-4.3436459191e-001; w1(4,4)=2.8281844628e-002; 
w10(5,1)=-1.1079812345e-002; w1(5,1)=-2.0661076225e+000; w1(5,2)=-6.5006408286e-001; w1(5,3)=9.3089621929e-001; w1(5,4)=-1.5827173198e+000; 
w10(6,1)=2.5557509181e-001; w1(6,1)=4.5177201733e-001; w1(6,2)=2.2550294180e+000; w1(6,3)=-9.2835091915e-001; w1(6,4)=1.0175905038e+000; 
w20=2.2097746687e+000; w2(1)=3.7581206290e-001; w2(2)=-1.7095247436e+000; w2(3)=-2.6840569480e-001; w2(4)=-1.3779739307e+000; w2(5)=-1.0066431463e-001; w2(6)=-2.7073554260e-001; 

