
%liczba neuronów ukrytych: 8, liczba wejœæ sieci: 4
%wejœcie 1: u(k-4)
%wejœcie 2: u(k-5)
%wejœcie 3: y(k-1)
%wejœcie 4: y(k-2)
%uczenie w trybie OE
w10(1,1)=-1.6987022141e+000; w1(1,1)=-2.3674294590e-001; w1(1,2)=1.7811774038e-001; w1(1,3)=5.1462115623e-001; w1(1,4)=-1.8124521891e-001; 
w10(2,1)=2.8284217560e-001; w1(2,1)=9.1805581847e-001; w1(2,2)=6.2439815899e-001; w1(2,3)=-3.8671206292e-001; w1(2,4)=9.6473179223e-001; 
w10(3,1)=1.5193665926e+000; w1(3,1)=-4.1816619182e-001; w1(3,2)=-3.9815984052e-001; w1(3,3)=-7.0626256853e-002; w1(3,4)=-3.0308456724e-001; 
w10(4,1)=-8.5170255260e-002; w1(4,1)=1.4114021257e-001; w1(4,2)=-1.0173147106e+000; w1(4,3)=7.0954442771e-001; w1(4,4)=-6.1552104960e-001; 
w10(5,1)=6.7538020762e-001; w1(5,1)=3.0359728330e-001; w1(5,2)=-1.2578350196e-001; w1(5,3)=-4.3759483803e-001; w1(5,4)=1.4563901107e-001; 
w10(6,1)=-5.1473780530e-001; w1(6,1)=-1.0565356623e+000; w1(6,2)=-1.7372441527e+000; w1(6,3)=1.1103693968e-001; w1(6,4)=9.7512756755e-002; 
w10(7,1)=-1.7336023863e+000; w1(7,1)=-9.7120186735e-001; w1(7,2)=-1.2746766939e+000; w1(7,3)=-1.1499671654e+000; w1(7,4)=-1.2536915695e+000; 
w10(8,1)=1.7667405392e-001; w1(8,1)=-2.0673424509e-001; w1(8,2)=-5.3481596030e-002; w1(8,3)=-8.2771148998e-002; w1(8,4)=-5.0175657205e-001; 
w20=2.4481241627e+000; w2(1)=1.2528700666e+000; w2(2)=1.8926590912e-001; w2(3)=-6.8810161593e-001; w2(4)=5.7082322242e-001; w2(5)=-1.1774831051e+000; w2(6)=1.2393802051e-001; w2(7)=-2.0460295614e-001; w2(8)=-5.4796538217e-001; 

