
%liczba neuronów ukrytych: 8, liczba wejœæ sieci: 4
%wejœcie 1: u(k-4)
%wejœcie 2: u(k-5)
%wejœcie 3: y(k-1)
%wejœcie 4: y(k-2)
%uczenie w trybie OE
w10(1,1)=1.6928924999e-001; w1(1,1)=-2.8938459188e-001; w1(1,2)=-4.5415794458e-001; w1(1,3)=-3.4958367453e-001; w1(1,4)=1.1139172271e+000; 
w10(2,1)=1.1672291227e+000; w1(2,1)=1.7806636304e+000; w1(2,2)=3.0914582982e+000; w1(2,3)=9.3104563385e-001; w1(2,4)=-7.0516783852e-001; 
w10(3,1)=-7.3304158920e-001; w1(3,1)=-4.0304360948e-002; w1(3,2)=-3.1974080458e-001; w1(3,3)=9.6406909048e-001; w1(3,4)=-4.7648854519e-001; 
w10(4,1)=9.1536971389e-001; w1(4,1)=-1.3846538593e+000; w1(4,2)=-1.0965304323e+000; w1(4,3)=4.8501347955e-001; w1(4,4)=-2.5407243532e-001; 
w10(5,1)=-2.2141309194e+000; w1(5,1)=-1.8017494508e-001; w1(5,2)=6.6267495954e-003; w1(5,3)=2.0254698167e-002; w1(5,4)=4.7592166891e-001; 
w10(6,1)=-3.0912125629e-001; w1(6,1)=2.9494497727e-001; w1(6,2)=1.6187454866e-001; w1(6,3)=-1.1228228641e+000; w1(6,4)=2.6054458199e-001; 
w10(7,1)=-4.3431644797e-001; w1(7,1)=1.3193747597e+000; w1(7,2)=9.9785094465e-001; w1(7,3)=-2.2229566484e-001; w1(7,4)=6.7054283178e-001; 
w10(8,1)=-3.5648857735e-001; w1(8,1)=-3.4561061014e-001; w1(8,2)=-8.5351453147e-002; w1(8,3)=6.3090794428e-001; w1(8,4)=-8.5487896730e-001; 
w20=1.0888859656e+000; w2(1)=-1.7107644448e-001; w2(2)=-3.6903303062e-002; w2(3)=1.2901802676e+000; w2(4)=-1.3302606668e-001; w2(5)=8.0837172724e-001; w2(6)=-6.1966986254e-001; w2(7)=-2.0889119689e-001; w2(8)=-1.1397365959e+000; 

