
%liczba neuronów ukrytych: 5, liczba wejœæ sieci: 4
%wejœcie 1: u(k-4)
%wejœcie 2: u(k-5)
%wejœcie 3: y(k-1)
%wejœcie 4: y(k-2)
%uczenie w trybie OE
w10(1,1)=-7.5127846829e-001; w1(1,1)=-6.8429762039e-002; w1(1,2)=-7.3176850409e-001; w1(1,3)=8.4601489143e-001; w1(1,4)=-1.7874919571e+000; 
w10(2,1)=-2.3970435042e-001; w1(2,1)=5.3201775309e-001; w1(2,2)=-8.4150572874e-001; w1(2,3)=6.9109340639e-001; w1(2,4)=-1.5607870940e-001; 
w10(3,1)=-1.0641735219e+000; w1(3,1)=-9.1486249099e-001; w1(3,2)=-3.2553858090e+000; w1(3,3)=3.6243453735e-001; w1(3,4)=-8.9940985599e-001; 
w10(4,1)=-9.4997190194e-001; w1(4,1)=-9.7371139726e-001; w1(4,2)=-2.9506472407e+000; w1(4,3)=1.6522038469e-001; w1(4,4)=-6.3547542235e-001; 
w10(5,1)=-1.1748026660e+000; w1(5,1)=-1.0374324153e-001; w1(5,2)=9.9719582682e-002; w1(5,3)=4.5489479685e-001; w1(5,4)=-9.8369923757e-002; 
w20=1.9365982911e+000; w2(1)=-4.1564500357e-001; w2(2)=7.6149794196e-001; w2(3)=-8.1131184049e-001; w2(4)=9.4394096142e-001; w2(5)=2.3774455020e+000; 

