
%liczba neuronów ukrytych: 10, liczba wejœæ sieci: 4
%wejœcie 1: u(k-4)
%wejœcie 2: u(k-5)
%wejœcie 3: y(k-1)
%wejœcie 4: y(k-2)
%uczenie w trybie OE
w10(1,1)=-6.2686778854e-001; w1(1,1)=1.6410223103e+000; w1(1,2)=1.0411917147e+000; w1(1,3)=4.5549377445e-001; w1(1,4)=2.5268509748e-001; 
w10(2,1)=4.5645136205e-001; w1(2,1)=7.2434420678e-001; w1(2,2)=4.3710198782e-001; w1(2,3)=-1.5086699365e-001; w1(2,4)=6.7113460867e-001; 
w10(3,1)=-1.0201790521e+000; w1(3,1)=2.1880176038e-001; w1(3,2)=-6.3250250148e-001; w1(3,3)=4.4179969336e-001; w1(3,4)=5.3072019658e-002; 
w10(4,1)=-2.0825667509e-001; w1(4,1)=-3.0437748774e-001; w1(4,2)=1.1627876855e-001; w1(4,3)=-5.6313935882e-001; w1(4,4)=-6.8244697031e-002; 
w10(5,1)=1.7468795121e+000; w1(5,1)=-5.8770233536e-001; w1(5,2)=1.9865796762e+000; w1(5,3)=-9.6376633243e-002; w1(5,4)=-7.8390319404e-001; 
w10(6,1)=-1.3025223824e+000; w1(6,1)=2.0478489797e+000; w1(6,2)=1.4036383381e+000; w1(6,3)=-9.5886405744e-002; w1(6,4)=1.9526980006e-001; 
w10(7,1)=3.6598056430e-001; w1(7,1)=-9.7888826746e-001; w1(7,2)=-4.7731368692e-001; w1(7,3)=-8.6520640679e-001; w1(7,4)=-4.1801420668e-001; 
w10(8,1)=-3.6426996068e-001; w1(8,1)=3.9367273613e-001; w1(8,2)=2.5165298525e-001; w1(8,3)=-3.2318823596e-001; w1(8,4)=9.0177712210e-001; 
w10(9,1)=3.1510499387e-001; w1(9,1)=9.0641882183e-001; w1(9,2)=1.8620546653e-001; w1(9,3)=-1.1008209343e+000; w1(9,4)=7.1760346403e-001; 
w10(10,1)=4.1597770382e-001; w1(10,1)=-2.5045369759e-002; w1(10,2)=-1.4801059625e-001; w1(10,3)=-4.3113738236e-001; w1(10,4)=3.9791239975e-002; 
w20=7.0979541938e-001; w2(1)=-1.7517389825e-001; w2(2)=3.4896616460e-001; w2(3)=9.8004614903e-001; w2(4)=-6.6469127937e-001; w2(5)=1.1080528791e-001; w2(6)=1.2450465488e-001; w2(7)=2.2538546259e-001; w2(8)=3.0608563010e-001; w2(9)=-4.4501648811e-001; w2(10)=-4.3829239732e-001; 

