
%liczba neuronów ukrytych: 4, liczba wejœæ sieci: 4
%wejœcie 1: u(k-4)
%wejœcie 2: u(k-5)
%wejœcie 3: y(k-1)
%wejœcie 4: y(k-2)
%uczenie w trybie OE
w10(1,1)=1.6954165691e+000; w1(1,1)=3.2346244539e-001; w1(1,2)=-2.6630566413e-001; w1(1,3)=-1.1708007080e+000; w1(1,4)=4.0236135382e-001; 
w10(2,1)=-2.0567378474e+000; w1(2,1)=-2.8529806960e-001; w1(2,2)=9.1013942517e-002; w1(2,3)=2.7109281199e-001; w1(2,4)=-2.9250343997e+000; 
w10(3,1)=3.0119169159e-001; w1(3,1)=1.2987488252e+000; w1(3,2)=4.8196228679e+000; w1(3,3)=2.0875853619e+000; w1(3,4)=-1.3953103805e+000; 
w10(4,1)=1.8288123908e-001; w1(4,1)=-5.9394458151e-002; w1(4,2)=7.5905222903e-002; w1(4,3)=-1.2778290338e+000; w1(4,4)=5.2277294783e-001; 
w20=9.0403265730e-001; w2(1)=-1.0283533237e+000; w2(2)=-2.6961194962e-001; w2(3)=-3.6563998770e-002; w2(4)=-1.0717857218e+000; 

