
%liczba neuronów ukrytych: 5, liczba wejœæ sieci: 4
%wejœcie 1: u(k-4)
%wejœcie 2: u(k-5)
%wejœcie 3: y(k-1)
%wejœcie 4: y(k-2)
%uczenie w trybie OE
w10(1,1)=9.3652343158e-001; w1(1,1)=8.8368653105e-001; w1(1,2)=2.9722515342e+000; w1(1,3)=2.1134656095e-001; w1(1,4)=-2.2046596557e-001; 
w10(2,1)=1.4792411659e-001; w1(2,1)=6.2347957680e-001; w1(2,2)=1.2618057244e+000; w1(2,3)=7.3513709268e-001; w1(2,4)=-2.8334506791e-001; 
w10(3,1)=6.6617143784e-001; w1(3,1)=2.1843235008e+000; w1(3,2)=-9.0063424665e-002; w1(3,3)=-1.0018540461e+000; w1(3,4)=1.6551291752e+000; 
w10(4,1)=-3.3173767188e-001; w1(4,1)=8.6641902190e-002; w1(4,2)=-1.9813112467e-001; w1(4,3)=-8.3587911787e-001; w1(4,4)=1.2205616871e-001; 
w10(5,1)=1.1146007019e+000; w1(5,1)=-8.9443199943e-003; w1(5,2)=2.7780406979e-001; w1(5,3)=-3.8936413931e-001; w1(5,4)=-1.8679618306e-001; 
w20=6.0541818504e-001; w2(1)=-1.4473836294e-001; w2(2)=-1.9742757234e-001; w2(3)=2.4977431217e-001; w2(4)=-1.0008993510e+000; w2(5)=-1.1617642451e+000; 

