
%liczba neuronów ukrytych: 2, liczba wejœæ sieci: 4
%wejœcie 1: u(k-4)
%wejœcie 2: u(k-5)
%wejœcie 3: y(k-1)
%wejœcie 4: y(k-2)
%uczenie w trybie OE
w10(1,1)=-2.5764278816e-001; w1(1,1)=3.7561184969e+000; w1(1,2)=1.9114848060e+001; w1(1,3)=2.5391450422e+001; w1(1,4)=-2.0400115231e+001; 
w10(2,1)=-5.1833227992e-001; w1(2,1)=-6.9918529799e-002; w1(2,2)=4.6835664060e-002; w1(2,3)=5.5077194426e-001; w1(2,4)=-1.2838896700e-001; 
w20=1.1614980968e+000; w2(1)=-8.2832141260e-002; w2(2)=2.4444446953e+000; 

