
%liczba neuronów ukrytych: 9, liczba wejœæ sieci: 4
%wejœcie 1: u(k-4)
%wejœcie 2: u(k-5)
%wejœcie 3: y(k-1)
%wejœcie 4: y(k-2)
%uczenie w trybie OE
w10(1,1)=-4.6695770545e-001; w1(1,1)=6.8443699767e-001; w1(1,2)=-5.8243723814e-001; w1(1,3)=3.0401498014e-001; w1(1,4)=6.2078889090e-001; 
w10(2,1)=4.4721998340e-001; w1(2,1)=-1.1612566272e-001; w1(2,2)=2.6358657012e-001; w1(2,3)=5.6044493505e-001; w1(2,4)=-4.8048589899e-001; 
w10(3,1)=1.5095167450e+000; w1(3,1)=-8.1498963258e-002; w1(3,2)=7.9989996306e-001; w1(3,3)=6.8415555789e-001; w1(3,4)=-3.0931652312e-001; 
w10(4,1)=-4.3699603499e-001; w1(4,1)=-7.9035826030e-001; w1(4,2)=-2.1902174733e+000; w1(4,3)=3.9687053161e-001; w1(4,4)=-3.0591292219e-001; 
w10(5,1)=-1.3121669510e+000; w1(5,1)=-6.9403274964e-002; w1(5,2)=-1.1760401574e+000; w1(5,3)=-1.3703915881e+000; w1(5,4)=-6.8100273726e-001; 
w10(6,1)=-9.9733844623e-001; w1(6,1)=-1.6775291109e+000; w1(6,2)=-1.0581162013e+000; w1(6,3)=-6.4568494475e-001; w1(6,4)=-3.4726083998e-001; 
w10(7,1)=-4.8355943794e-001; w1(7,1)=-6.4088475240e-001; w1(7,2)=-2.6445689415e-001; w1(7,3)=8.7036182463e-001; w1(7,4)=-6.2786220159e-001; 
w10(8,1)=1.9185834934e+000; w1(8,1)=-2.0554052568e-001; w1(8,2)=1.1534085473e-001; w1(8,3)=-6.0788637050e-001; w1(8,4)=-2.5875853906e-001; 
w10(9,1)=-1.4537689868e+000; w1(9,1)=-1.1848700839e-001; w1(9,2)=-9.7478643752e-001; w1(9,3)=7.8550597792e-001; w1(9,4)=2.6425765587e+000; 
w20=9.1614502117e-001; w2(1)=6.4660484724e-001; w2(2)=-1.5818487894e-001; w2(3)=1.5621485924e-002; w2(4)=1.3618701704e-001; w2(5)=-3.3559609894e-001; w2(6)=-1.1105580164e-001; w2(7)=5.1327754750e-001; w2(8)=-7.1688361503e-001; w2(9)=-2.0127485247e-002; 

