
%liczba neuronów ukrytych: 8, liczba wejœæ sieci: 4
%wejœcie 1: u(k-4)
%wejœcie 2: u(k-5)
%wejœcie 3: y(k-1)
%wejœcie 4: y(k-2)
%uczenie w trybie OE
w10(1,1)=-3.0710300435e-001; w1(1,1)=5.5024543333e-001; w1(1,2)=5.1105132649e-002; w1(1,3)=-4.0621022790e-001; w1(1,4)=2.9723529541e-001; 
w10(2,1)=6.7376414771e-001; w1(2,1)=-3.3553924133e-001; w1(2,2)=6.2754166471e-002; w1(2,3)=1.1825274088e-001; w1(2,4)=-5.7397657392e-001; 
w10(3,1)=-4.6616395943e-001; w1(3,1)=-3.5484463322e-001; w1(3,2)=-3.1767531198e-001; w1(3,3)=1.1467459802e+000; w1(3,4)=-8.7959508966e-001; 
w10(4,1)=-5.8965340595e-001; w1(4,1)=1.0229923384e+000; w1(4,2)=2.0842697912e-001; w1(4,3)=-4.0015144645e-001; w1(4,4)=6.6539592127e-001; 
w10(5,1)=-1.8862741226e+000; w1(5,1)=-7.0156096116e-002; w1(5,2)=5.5085521740e-001; w1(5,3)=2.0333087137e-003; w1(5,4)=-2.9323188750e-001; 
w10(6,1)=-3.7763957011e-001; w1(6,1)=-1.8134099330e+000; w1(6,2)=-3.1206633429e+000; w1(6,3)=-6.1036490130e-002; w1(6,4)=-2.0430307926e-001; 
w10(7,1)=6.5068033759e-001; w1(7,1)=3.8114564586e-001; w1(7,2)=1.0869568901e+000; w1(7,3)=1.1198937568e+000; w1(7,4)=-7.0246731402e-002; 
w10(8,1)=-8.6007289923e-001; w1(8,1)=-7.8610002709e-001; w1(8,2)=-6.5207230399e-002; w1(8,3)=2.0981605316e-001; w1(8,4)=-1.3276913813e+000; 
w20=1.6087917475e+000; w2(1)=-8.1180143687e-002; w2(2)=-1.4654488102e+000; w2(3)=9.3393715281e-001; w2(4)=-2.1396132521e-001; w2(5)=8.2654795731e-001; w2(6)=4.5058692397e-002; w2(7)=1.6431793274e-001; w2(8)=-3.3430378400e-001; 

