
%liczba neuronów ukrytych: 7, liczba wejœæ sieci: 4
%wejœcie 1: u(k-4)
%wejœcie 2: u(k-5)
%wejœcie 3: y(k-1)
%wejœcie 4: y(k-2)
%uczenie w trybie OE
w10(1,1)=1.1127804051e+000; w1(1,1)=4.5164296881e-001; w1(1,2)=-7.3898443450e-001; w1(1,3)=-1.4568003172e+000; w1(1,4)=6.1330850999e-001; 
w10(2,1)=8.3834124207e-001; w1(2,1)=-1.3979399402e+000; w1(2,2)=-7.5010619811e-001; w1(2,3)=7.8352554734e-002; w1(2,4)=-8.4350371061e-001; 
w10(3,1)=1.3986113951e+000; w1(3,1)=7.4434737348e-001; w1(3,2)=1.8239514819e+000; w1(3,3)=2.6550536009e-001; w1(3,4)=-1.8110915619e+000; 
w10(4,1)=-1.2895001016e+000; w1(4,1)=-6.4105845318e-002; w1(4,2)=-2.8980318280e-001; w1(4,3)=7.1871369125e-001; w1(4,4)=-1.2395065677e-001; 
w10(5,1)=-1.5170735993e+000; w1(5,1)=1.0742038989e+000; w1(5,2)=2.5598976710e-002; w1(5,3)=-5.3642341341e-002; w1(5,4)=1.1775805106e+000; 
w10(6,1)=-3.0431499601e-001; w1(6,1)=7.3917442658e-001; w1(6,2)=-4.0188087785e+000; w1(6,3)=4.8771474993e-001; w1(6,4)=-4.7044418881e-001; 
w10(7,1)=-5.2928062337e-001; w1(7,1)=-3.2155714150e-001; w1(7,2)=-3.1500962620e-001; w1(7,3)=-1.3124414420e-001; w1(7,4)=-1.1583314850e+000; 
w20=8.6697788832e-001; w2(1)=-2.1700067509e-001; w2(2)=1.9041589255e-001; w2(3)=-1.1652452518e-001; w2(4)=7.9300523843e-001; w2(5)=3.2178390476e-001; w2(6)=1.5524387358e-001; w2(7)=-6.1987826139e-001; 

