
%liczba neuronów ukrytych: 10, liczba wejœæ sieci: 4
%wejœcie 1: u(k-4)
%wejœcie 2: u(k-5)
%wejœcie 3: y(k-1)
%wejœcie 4: y(k-2)
%uczenie w trybie OE
w10(1,1)=5.5746276115e-001; w1(1,1)=-7.9766394317e-001; w1(1,2)=3.0707728281e-002; w1(1,3)=4.6349564062e-001; w1(1,4)=4.5493322806e-001; 
w10(2,1)=-6.8996135232e-001; w1(2,1)=-8.6259862436e-001; w1(2,2)=3.8357601446e-001; w1(2,3)=7.2349540836e-001; w1(2,4)=-4.3248198925e-001; 
w10(3,1)=-7.4759343109e-001; w1(3,1)=-9.9529809968e-001; w1(3,2)=1.4074990438e+000; w1(3,3)=3.0213702883e-001; w1(3,4)=-1.2317717051e+000; 
w10(4,1)=5.3508670186e-001; w1(4,1)=-6.4770965339e-001; w1(4,2)=-2.2719526248e-001; w1(4,3)=-1.2901792677e+000; w1(4,4)=-7.1267804651e-001; 
w10(5,1)=1.2721014863e+000; w1(5,1)=-6.1821653170e-001; w1(5,2)=4.3433492383e-001; w1(5,3)=-6.7057525841e-001; w1(5,4)=-1.8234456174e-002; 
w10(6,1)=7.0866762966e-001; w1(6,1)=6.3279609218e-001; w1(6,2)=1.8472557764e-001; w1(6,3)=3.4110119154e-001; w1(6,4)=5.7308750192e-001; 
w10(7,1)=-5.5920361075e-001; w1(7,1)=-4.8304835762e-001; w1(7,2)=-1.6628560157e+000; w1(7,3)=4.3058185973e-001; w1(7,4)=-4.6094674750e-001; 
w10(8,1)=1.0576983077e+000; w1(8,1)=-1.9656212547e-001; w1(8,2)=3.0674520076e+000; w1(8,3)=-2.7474722009e-001; w1(8,4)=5.1609785377e-001; 
w10(9,1)=9.4673099023e-001; w1(9,1)=8.3699737675e-001; w1(9,2)=4.8176401896e-002; w1(9,3)=-1.2511472365e+000; w1(9,4)=-1.0919068664e+000; 
w10(10,1)=1.3328072517e+000; w1(10,1)=4.4888324285e-001; w1(10,2)=-1.1866940093e-001; w1(10,3)=7.6854743211e-001; w1(10,4)=4.4704626477e-001; 
w20=9.4442851302e-001; w2(1)=2.4639488839e-003; w2(2)=6.2346711674e-001; w2(3)=-2.9898096195e-001; w2(4)=1.2465039561e-002; w2(5)=-9.9188871331e-001; w2(6)=6.9447433729e-001; w2(7)=3.9888431514e-001; w2(8)=1.7082353738e-001; w2(9)=-7.2206918398e-002; w2(10)=-2.5759457982e-001; 

