
%liczba neuronów ukrytych: 6, liczba wejœæ sieci: 4
%wejœcie 1: u(k-4)
%wejœcie 2: u(k-5)
%wejœcie 3: y(k-1)
%wejœcie 4: y(k-2)
%uczenie w trybie OE
w10(1,1)=-1.2925289833e+000; w1(1,1)=-1.8452701801e+000; w1(1,2)=-2.3814296182e+000; w1(1,3)=9.0205044825e-002; w1(1,4)=-1.3331679736e+000; 
w10(2,1)=-1.0357391605e+000; w1(2,1)=-8.3668111444e-001; w1(2,2)=-5.0461633381e-001; w1(2,3)=-1.0309764282e+000; w1(2,4)=2.2202862648e-001; 
w10(3,1)=-7.0226991136e-001; w1(3,1)=-4.8422586955e-001; w1(3,2)=3.1178897337e-001; w1(3,3)=1.4595590740e-001; w1(3,4)=-1.2952243576e+000; 
w10(4,1)=9.3754922423e-001; w1(4,1)=1.8387417057e+000; w1(4,2)=8.4329708394e-001; w1(4,3)=3.5931512392e-001; w1(4,4)=-4.9855222012e-001; 
w10(5,1)=5.0552731682e-001; w1(5,1)=1.6753576621e+000; w1(5,2)=1.9533261531e+000; w1(5,3)=-4.6437231208e-001; w1(5,4)=1.9365279926e-001; 
w10(6,1)=7.9603710486e-001; w1(6,1)=8.2351516373e-003; w1(6,2)=1.6268975081e-001; w1(6,3)=-4.0977488627e-001; w1(6,4)=-3.4592363850e-002; 
w20=8.8860929169e-001; w2(1)=-6.9679248726e-002; w2(2)=-1.8160324329e-001; w2(3)=-3.8879405019e-001; w2(4)=-7.9636899959e-002; w2(5)=-1.3397611977e-001; w2(6)=-1.8200442319e+000; 

