
%liczba neuronów ukrytych: 8, liczba wejœæ sieci: 4
%wejœcie 1: u(k-4)
%wejœcie 2: u(k-5)
%wejœcie 3: y(k-1)
%wejœcie 4: y(k-2)
%uczenie w trybie OE
w10(1,1)=1.2412272720e+000; w1(1,1)=-3.2374658169e-001; w1(1,2)=3.5931167515e-001; w1(1,3)=1.6909728281e-001; w1(1,4)=-5.9197861921e-001; 
w10(2,1)=-1.5527560509e+000; w1(2,1)=7.3899825946e-001; w1(2,2)=-2.8035240511e+000; w1(2,3)=-1.0525325198e-001; w1(2,4)=1.1634575072e-001; 
w10(3,1)=1.4021019529e+000; w1(3,1)=-3.3481266971e-001; w1(3,2)=-4.3933440997e-001; w1(3,3)=-3.8728794445e-003; w1(3,4)=-7.1589969284e-002; 
w10(4,1)=2.9236564440e-001; w1(4,1)=-2.2374517217e-001; w1(4,2)=4.4122265115e-001; w1(4,3)=5.5243493608e-001; w1(4,4)=3.6565334147e-001; 
w10(5,1)=2.0515955809e+000; w1(5,1)=4.0147264381e-001; w1(5,2)=-1.2969900607e-001; w1(5,3)=-2.5771604242e-001; w1(5,4)=-5.8037070377e-001; 
w10(6,1)=-2.9827174463e-001; w1(6,1)=2.5365791263e-001; w1(6,2)=2.2570371382e-002; w1(6,3)=4.5774271303e-001; w1(6,4)=2.4919387063e-001; 
w10(7,1)=8.9084826822e-001; w1(7,1)=2.4264829267e-001; w1(7,2)=-2.6008342263e+000; w1(7,3)=-3.6334078635e-001; w1(7,4)=-5.8861524644e-001; 
w10(8,1)=5.8277807614e-001; w1(8,1)=-5.6427832982e-002; w1(8,2)=7.7796012812e-001; w1(8,3)=-9.6156675218e-001; w1(8,4)=5.3318819938e-001; 
w20=1.6874876843e+000; w2(1)=-1.4736934810e-001; w2(2)=-2.3112701351e-001; w2(3)=-8.8230562242e-001; w2(4)=5.3975975668e-001; w2(5)=-6.8823815972e-001; w2(6)=2.4461959079e-001; w2(7)=1.0805292263e-001; w2(8)=-9.2735277854e-001; 

