
%liczba neuronów ukrytych: 7, liczba wejœæ sieci: 4
%wejœcie 1: u(k-4)
%wejœcie 2: u(k-5)
%wejœcie 3: y(k-1)
%wejœcie 4: y(k-2)
%uczenie w trybie OE
w10(1,1)=1.0492888275e-001; w1(1,1)=-3.7107324807e-001; w1(1,2)=-7.1763377689e-003; w1(1,3)=4.4736984860e-001; w1(1,4)=-9.4453292076e-001; 
w10(2,1)=-1.1027817744e+000; w1(2,1)=-2.7652565773e-001; w1(2,2)=1.8380555484e-001; w1(2,3)=9.0402903410e-001; w1(2,4)=-2.8648389404e-001; 
w10(3,1)=-1.2836140680e+000; w1(3,1)=-4.6541140248e-001; w1(3,2)=6.4549211623e-001; w1(3,3)=5.4804270699e-001; w1(3,4)=9.4681878624e-001; 
w10(4,1)=1.5966965931e+000; w1(4,1)=-2.2415587575e-001; w1(4,2)=7.5289920204e-001; w1(4,3)=-1.3916828720e+000; w1(4,4)=-2.3960530373e-001; 
w10(5,1)=-1.9078283060e-001; w1(5,1)=5.4410584291e-001; w1(5,2)=1.4365758423e+000; w1(5,3)=-4.1109793232e-001; w1(5,4)=6.7641925497e-001; 
w10(6,1)=-1.1162910649e+000; w1(6,1)=2.2233893398e-001; w1(6,2)=1.9052861874e-001; w1(6,3)=1.8727387876e-001; w1(6,4)=-2.2576279652e-001; 
w10(7,1)=-2.5067945652e-001; w1(7,1)=-2.6886689335e-001; w1(7,2)=-2.1640855264e-001; w1(7,3)=9.0051750324e-001; w1(7,4)=9.1565239352e-001; 
w20=1.7046373201e+000; w2(1)=-7.1541527623e-001; w2(2)=1.2864841150e+000; w2(3)=-4.0217292282e-001; w2(4)=-3.2757747663e-001; w2(5)=-3.1198270379e-001; w2(6)=8.0160638245e-001; w2(7)=2.3133435999e-001; 

