
%liczba neuronów ukrytych: 3, liczba wejœæ sieci: 4
%wejœcie 1: u(k-4)
%wejœcie 2: u(k-5)
%wejœcie 3: y(k-1)
%wejœcie 4: y(k-2)
%uczenie w trybie OE
w10(1,1)=6.2257483573e-001; w1(1,1)=3.2603271635e-001; w1(1,2)=1.5939957740e-001; w1(1,3)=4.6339093369e-001; w1(1,4)=-8.9589222937e-001; 
w10(2,1)=5.4227050058e-001; w1(2,1)=3.0224984045e-001; w1(2,2)=-5.7012391289e-001; w1(2,3)=2.2740080980e+000; w1(2,4)=-3.2623016665e+000; 
w10(3,1)=-4.4731582674e-001; w1(3,1)=8.3138037371e-002; w1(3,2)=3.1417888205e-001; w1(3,3)=-1.2481527827e+000; w1(3,4)=2.2295725855e+000; 
w20=9.6431429503e-001; w2(1)=-1.8693622847e+000; w2(2)=1.9685164257e+000; w2(3)=2.1666004432e+000; 

