
%liczba neuronów ukrytych: 3, liczba wejœæ sieci: 4
%wejœcie 1: u(k-4)
%wejœcie 2: u(k-5)
%wejœcie 3: y(k-1)
%wejœcie 4: y(k-2)
%uczenie w trybie OE
w10(1,1)=4.4927885921e-001; w1(1,1)=5.4530597039e-001; w1(1,2)=7.2877353855e-003; w1(1,3)=-1.3439209928e+000; w1(1,4)=1.7294267701e+000; 
w10(2,1)=-4.4001736246e-001; w1(2,1)=-1.5782326803e-001; w1(2,2)=-1.6659731885e-002; w1(2,3)=6.3612476381e-001; w1(2,4)=-2.6509158744e-001; 
w10(3,1)=3.3290385720e-001; w1(3,1)=-1.0243884812e-001; w1(3,2)=4.0263613159e+000; w1(3,3)=1.0704792143e-001; w1(3,4)=4.3987616825e-001; 
w20=6.5192028382e-001; w2(1)=6.7159790187e-001; w2(2)=2.1549140499e+000; w2(3)=-1.3440817329e-001; 

