
%liczba neuronów ukrytych: 7, liczba wejœæ sieci: 4
%wejœcie 1: u(k-4)
%wejœcie 2: u(k-5)
%wejœcie 3: y(k-1)
%wejœcie 4: y(k-2)
%uczenie w trybie OE
w10(1,1)=-8.8022938979e-001; w1(1,1)=-3.7255947342e-002; w1(1,2)=1.2909571974e-001; w1(1,3)=4.6903829646e-001; w1(1,4)=-3.8796536069e-002; 
w10(2,1)=1.7028000987e+000; w1(2,1)=9.5036983993e-001; w1(2,2)=1.0771710642e+000; w1(2,3)=-1.3280360933e+000; w1(2,4)=-4.0834042271e-002; 
w10(3,1)=1.3157384851e+000; w1(3,1)=-1.1718993981e-001; w1(3,2)=-8.2532018118e-001; w1(3,3)=-1.1161087565e+000; w1(3,4)=2.1184259982e-001; 
w10(4,1)=1.2318777236e-001; w1(4,1)=1.0108237044e-001; w1(4,2)=1.1477867147e-001; w1(4,3)=3.1256092189e-002; w1(4,4)=4.0516253966e-001; 
w10(5,1)=2.5914908337e+000; w1(5,1)=-5.7319985666e-001; w1(5,2)=-1.8700815870e-001; w1(5,3)=1.3650114172e+000; w1(5,4)=1.7334780192e+000; 
w10(6,1)=2.3485938983e-001; w1(6,1)=-1.3667084547e-001; w1(6,2)=-2.1356642162e+000; w1(6,3)=2.2417725248e-003; w1(6,4)=-2.6133956584e-001; 
w10(7,1)=1.5713738640e+000; w1(7,1)=5.7045727227e-001; w1(7,2)=2.3366946581e-001; w1(7,3)=-2.7841533804e-001; w1(7,4)=-1.9955146032e-001; 
w20=1.0519634218e+000; w2(1)=2.3529361354e-001; w2(2)=-1.1438984040e-001; w2(3)=-1.6736743731e-001; w2(4)=1.7287141973e+000; w2(5)=-5.9570678805e-001; w2(6)=4.5183813405e-001; w2(7)=-3.9094095570e-001; 

