
%liczba neuronów ukrytych: 8, liczba wejœæ sieci: 4
%wejœcie 1: u(k-4)
%wejœcie 2: u(k-5)
%wejœcie 3: y(k-1)
%wejœcie 4: y(k-2)
%uczenie w trybie OE
w10(1,1)=-8.0118210492e-001; w1(1,1)=-7.8140257793e-001; w1(1,2)=-7.4661923023e-001; w1(1,3)=-1.1768982047e-001; w1(1,4)=-6.6329109580e-001; 
w10(2,1)=6.9598683929e-001; w1(2,1)=-1.5730226743e-001; w1(2,2)=4.8456397363e-001; w1(2,3)=-4.9003737476e-001; w1(2,4)=-1.0121707831e-001; 
w10(3,1)=2.5111901878e+000; w1(3,1)=-1.1354031255e+000; w1(3,2)=1.6243928392e+000; w1(3,3)=-2.3892753977e-001; w1(3,4)=-1.3823176528e+000; 
w10(4,1)=3.6960060503e-001; w1(4,1)=9.8359353581e-001; w1(4,2)=6.3889238084e-001; w1(4,3)=-1.1310305754e+000; w1(4,4)=1.0114824644e+000; 
w10(5,1)=-2.6185101231e-001; w1(5,1)=-2.5640089376e+000; w1(5,2)=-3.5483154112e+000; w1(5,3)=-1.9279092060e+000; w1(5,4)=-2.0669766936e+000; 
w10(6,1)=1.2648407757e+000; w1(6,1)=-1.9041357538e-001; w1(6,2)=1.7139111501e-001; w1(6,3)=-2.2985133220e-001; w1(6,4)=-5.1581353972e-001; 
w10(7,1)=-4.7173641503e-001; w1(7,1)=-2.0414492250e-001; w1(7,2)=3.6397145640e-001; w1(7,3)=-1.4490264230e-002; w1(7,4)=-1.8855676719e+000; 
w10(8,1)=-6.5357785776e-001; w1(8,1)=4.8466161950e-001; w1(8,2)=2.4456621868e-001; w1(8,3)=-1.1509217101e+000; w1(8,4)=-1.3830683716e-001; 
w20=8.8725742025e-001; w2(1)=-3.5713917313e-001; w2(2)=-7.6232171662e-001; w2(3)=1.5015146227e-001; w2(4)=-3.6931319008e-001; w2(5)=1.9104694454e-002; w2(6)=-8.1452426147e-001; w2(7)=-2.8762829040e-001; w2(8)=1.9166451660e-001; 

