
%liczba neuronów ukrytych: 6, liczba wejœæ sieci: 4
%wejœcie 1: u(k-4)
%wejœcie 2: u(k-5)
%wejœcie 3: y(k-1)
%wejœcie 4: y(k-2)
%uczenie w trybie OE
w10(1,1)=-4.1051977726e-001; w1(1,1)=1.4591847197e-001; w1(1,2)=-4.6158344733e-001; w1(1,3)=9.7803406657e-001; w1(1,4)=-6.4137069744e-001; 
w10(2,1)=-3.7805330193e-001; w1(2,1)=-1.2365131035e+000; w1(2,2)=-2.8974250469e+000; w1(2,3)=1.4679779228e-001; w1(2,4)=-2.5644606426e-001; 
w10(3,1)=6.4599950801e-001; w1(3,1)=3.3228324771e-001; w1(3,2)=2.0613642029e-001; w1(3,3)=-3.7594032178e-001; w1(3,4)=9.7259018955e-001; 
w10(4,1)=-2.8747189119e-001; w1(4,1)=1.9557899382e-001; w1(4,2)=6.7364137631e-001; w1(4,3)=8.2297217973e-001; w1(4,4)=-7.4468956703e-001; 
w10(5,1)=-6.5556253914e-001; w1(5,1)=-2.1578284896e-001; w1(5,2)=1.7856412724e-001; w1(5,3)=-2.1805999498e-001; w1(5,4)=5.4156829420e-001; 
w10(6,1)=-1.7492469715e+000; w1(6,1)=-5.8251144046e-001; w1(6,2)=8.8690093636e-001; w1(6,3)=4.1602256120e-001; w1(6,4)=1.0965881455e-001; 
w20=1.4359488752e+000; w2(1)=1.2912003779e+000; w2(2)=8.0878764832e-002; w2(3)=8.7003005629e-001; w2(4)=-9.5701289729e-002; w2(5)=4.2266873775e-001; w2(6)=1.2570444105e+000; 

