
%liczba neuronów ukrytych: 1, liczba wejœæ sieci: 4
%wejœcie 1: u(k-4)
%wejœcie 2: u(k-5)
%wejœcie 3: y(k-1)
%wejœcie 4: y(k-2)
%uczenie w trybie OE
w10(1,1)=5.7232082504e-001; w1(1,1)=5.5002437797e-002; w1(1,2)=2.0243345322e-001; w1(1,3)=6.1307090137e-003; w1(1,4)=-4.8460612394e-001; 
w20=1.0470824667e+000; w2(1)=-2.0119695606e+000; 

