
%liczba neuronów ukrytych: 4, liczba wejœæ sieci: 4
%wejœcie 1: u(k-4)
%wejœcie 2: u(k-5)
%wejœcie 3: y(k-1)
%wejœcie 4: y(k-2)
%uczenie w trybie OE
w10(1,1)=-6.7668270816e-001; w1(1,1)=-1.1552396343e+000; w1(1,2)=2.3422099553e-001; w1(1,3)=7.3768526455e-001; w1(1,4)=-1.9677612964e+000; 
w10(2,1)=-3.0245607064e+000; w1(2,1)=-1.8678464347e+000; w1(2,2)=-5.7035561682e-001; w1(2,3)=-2.2932110975e+000; w1(2,4)=-2.0013712046e+000; 
w10(3,1)=7.2417879458e-001; w1(3,1)=-1.8959154663e-001; w1(3,2)=2.5995970782e-001; w1(3,3)=-6.9464701754e-004; w1(3,4)=-4.3926544165e-001; 
w10(4,1)=3.2223219008e-001; w1(4,1)=1.4413444918e+000; w1(4,2)=-3.2108850641e-001; w1(4,3)=-3.0242795182e+000; w1(4,4)=2.7113701669e+000; 
w20=9.5937577344e-001; w2(1)=-3.6153813577e-001; w2(2)=-5.8167875684e-002; w2(3)=-1.7735454924e+000; w2(4)=-4.2121789682e-001; 

