
%liczba neuronów ukrytych: 3, liczba wejœæ sieci: 4
%wejœcie 1: u(k-4)
%wejœcie 2: u(k-5)
%wejœcie 3: y(k-1)
%wejœcie 4: y(k-2)
%uczenie w trybie OE
w10(1,1)=-7.5207945570e-001; w1(1,1)=-4.2071614947e+000; w1(1,2)=1.0727792933e+001; w1(1,3)=8.5003260646e+000; w1(1,4)=-6.5962483439e+000; 
w10(2,1)=-5.6060928204e-001; w1(2,1)=-1.0727106901e+001; w1(2,2)=-3.6141747930e-001; w1(2,3)=-2.9481960536e+000; w1(2,4)=2.9464307970e+000; 
w10(3,1)=-7.0307927716e-001; w1(3,1)=-6.8306620923e-002; w1(3,2)=5.5094580480e-002; w1(3,3)=6.2903493020e-001; w1(3,4)=-6.9625909675e-002; 
w20=1.1492581482e+000; w2(1)=-7.6200393508e-002; w2(2)=9.3518894238e-002; w2(3)=1.9149967168e+000; 

