
%liczba neuronów ukrytych: 7, liczba wejœæ sieci: 4
%wejœcie 1: u(k-4)
%wejœcie 2: u(k-5)
%wejœcie 3: y(k-1)
%wejœcie 4: y(k-2)
%uczenie w trybie OE
w10(1,1)=3.9753062840e-001; w1(1,1)=1.1437878135e+000; w1(1,2)=4.2808490787e-001; w1(1,3)=3.3963478710e-001; w1(1,4)=-1.0029024481e+000; 
w10(2,1)=2.3019854071e+000; w1(2,1)=-9.1748856156e-001; w1(2,2)=1.3247804082e-001; w1(2,3)=5.4494235699e-001; w1(2,4)=7.1612870604e-001; 
w10(3,1)=9.7761115659e-001; w1(3,1)=9.4958172517e-001; w1(3,2)=-4.0532135562e-001; w1(3,3)=-6.8913446536e-001; w1(3,4)=7.3910170071e-002; 
w10(4,1)=-1.7654126862e+000; w1(4,1)=3.0150256614e-001; w1(4,2)=-5.9775948014e-001; w1(4,3)=-4.2642912554e-002; w1(4,4)=8.3223308408e-001; 
w10(5,1)=-1.9821427006e-002; w1(5,1)=-3.5037804631e-002; w1(5,2)=-1.5980258932e-001; w1(5,3)=1.3710015336e-001; w1(5,4)=-5.4295277123e-001; 
w10(6,1)=2.2609171633e-001; w1(6,1)=-3.2476237930e-001; w1(6,2)=-2.3655668609e+000; w1(6,3)=-7.1273425139e-001; w1(6,4)=2.2249557276e-001; 
w10(7,1)=4.7550487471e-001; w1(7,1)=4.4056283026e-001; w1(7,2)=8.8402946552e-001; w1(7,3)=-1.0850242005e+000; w1(7,4)=2.7882586891e-001; 
w20=1.3026039693e+000; w2(1)=6.2408729206e-001; w2(2)=-7.5419298534e-001; w2(3)=-4.4509059908e-001; w2(4)=2.5372198768e-001; w2(5)=-1.5720502875e+000; w2(6)=3.1252105488e-001; w2(7)=-7.3569075592e-001; 

