
%liczba neuronów ukrytych: 3, liczba wejœæ sieci: 4
%wejœcie 1: u(k-4)
%wejœcie 2: u(k-5)
%wejœcie 3: y(k-1)
%wejœcie 4: y(k-2)
%uczenie w trybie OE
w10(1,1)=3.6895145911e-001; w1(1,1)=4.7825962175e-002; w1(1,2)=1.8723690965e-001; w1(1,3)=-5.0369978534e-001; w1(1,4)=1.5628683919e-001; 
w10(2,1)=-1.6075164568e+000; w1(2,1)=4.0700612149e-001; w1(2,2)=-2.3547288622e+000; w1(2,3)=3.8603197952e+000; w1(2,4)=-4.3448539764e+000; 
w10(3,1)=1.9444401542e+000; w1(3,1)=-2.5804190403e+000; w1(3,2)=4.8742466983e-001; w1(3,3)=4.1298265177e+000; w1(3,4)=-3.4893495787e+000; 
w20=8.9656261553e-001; w2(1)=-2.6365564158e+000; w2(2)=-3.1253358899e-001; w2(3)=-2.6848718251e-001; 

