
%liczba neuronów ukrytych: 6, liczba wejœæ sieci: 4
%wejœcie 1: u(k-4)
%wejœcie 2: u(k-5)
%wejœcie 3: y(k-1)
%wejœcie 4: y(k-2)
%uczenie w trybie OE
w10(1,1)=-1.0926883888e+000; w1(1,1)=-3.2363590756e-001; w1(1,2)=5.0285975266e-001; w1(1,3)=9.2652676801e-001; w1(1,4)=-3.7703284555e-001; 
w10(2,1)=-7.3537010839e-001; w1(2,1)=-7.1904527808e-001; w1(2,2)=-4.8013406674e-001; w1(2,3)=-7.9858547639e-001; w1(2,4)=-2.6957361523e-001; 
w10(3,1)=-3.8706134554e-001; w1(3,1)=9.7203757089e-002; w1(3,2)=-4.7381706027e-001; w1(3,3)=9.1004627411e-001; w1(3,4)=-6.1760122587e-001; 
w10(4,1)=8.5853716597e-002; w1(4,1)=5.0722099261e-001; w1(4,2)=6.7888483771e-001; w1(4,3)=-1.1819238389e+000; w1(4,4)=1.1425073465e+000; 
w10(5,1)=-2.7599411984e-002; w1(5,1)=-3.8969241247e-001; w1(5,2)=1.0358880240e+000; w1(5,3)=6.4044353822e-001; w1(5,4)=-5.8015272012e-001; 
w10(6,1)=-4.1105648100e-001; w1(6,1)=3.2743163094e-001; w1(6,2)=-3.1577158142e-001; w1(6,3)=-1.5793875776e+000; w1(6,4)=1.8534665143e+000; 
w20=9.9870994638e-001; w2(1)=4.3775316934e-001; w2(2)=-3.6411599291e-001; w2(3)=1.3564242184e+000; w2(4)=-4.1774925191e-001; w2(5)=6.2318034500e-001; w2(6)=8.3317906342e-001; 

