
%liczba neuronów ukrytych: 9, liczba wejœæ sieci: 4
%wejœcie 1: u(k-4)
%wejœcie 2: u(k-5)
%wejœcie 3: y(k-1)
%wejœcie 4: y(k-2)
%uczenie w trybie OE
w10(1,1)=-5.1605204288e-001; w1(1,1)=-3.6828237696e-001; w1(1,2)=-1.2775703759e-001; w1(1,3)=7.8381229435e-001; w1(1,4)=-4.1439754309e-001; 
w10(2,1)=-6.9160813820e-002; w1(2,1)=-1.0714303916e+000; w1(2,2)=-1.0330547807e+000; w1(2,3)=-5.5752158645e-002; w1(2,4)=1.6249567256e-003; 
w10(3,1)=1.6402031586e+000; w1(3,1)=-4.8990645327e-001; w1(3,2)=5.3129745812e-002; w1(3,3)=8.3836472752e-002; w1(3,4)=-2.9173682121e-001; 
w10(4,1)=-4.9274566865e-001; w1(4,1)=1.1713912793e+000; w1(4,2)=9.4438613606e-001; w1(4,3)=1.1488543447e+000; w1(4,4)=-8.0545788422e-002; 
w10(5,1)=-3.2301965326e-001; w1(5,1)=-3.0169200653e-001; w1(5,2)=-5.6054895723e-001; w1(5,3)=-3.2688300741e-001; w1(5,4)=-3.4160212833e-002; 
w10(6,1)=1.3597181007e+000; w1(6,1)=6.8786033462e-001; w1(6,2)=1.7814314141e+000; w1(6,3)=-1.0067037625e+000; w1(6,4)=-3.8988979848e-001; 
w10(7,1)=-7.9344211083e-002; w1(7,1)=-3.1034239921e-001; w1(7,2)=-1.2763368143e-001; w1(7,3)=3.1949131889e-001; w1(7,4)=-6.6255730519e-001; 
w10(8,1)=2.2138462909e-001; w1(8,1)=-6.5173677468e-001; w1(8,2)=-9.2855838224e-001; w1(8,3)=-1.6194751325e-002; w1(8,4)=2.5411543318e-001; 
w10(9,1)=-1.7775423291e-001; w1(9,1)=2.7965125169e-002; w1(9,2)=-2.4950987608e-001; w1(9,3)=1.6773225013e-001; w1(9,4)=3.8632627453e-002; 
w20=5.7972317320e-001; w2(1)=3.8262197485e-001; w2(2)=4.3713519010e-001; w2(3)=-1.7869785523e-001; w2(4)=-8.0677219441e-002; w2(5)=-7.5699225677e-001; w2(6)=-2.0401756985e-003; w2(7)=-4.7773497362e-001; w2(8)=-3.5452005335e-001; w2(9)=2.4673742216e+000; 

