
%liczba neuronów ukrytych: 4, liczba wejœæ sieci: 4
%wejœcie 1: u(k-4)
%wejœcie 2: u(k-5)
%wejœcie 3: y(k-1)
%wejœcie 4: y(k-2)
%uczenie w trybie OE
w10(1,1)=2.3646284931e-001; w1(1,1)=3.4732779503e-001; w1(1,2)=-3.1999331136e-001; w1(1,3)=-9.6837175039e-001; w1(1,4)=-6.2869749636e-001; 
w10(2,1)=1.2241380873e+000; w1(2,1)=3.6633757812e-001; w1(2,2)=-9.0780991393e-002; w1(2,3)=-8.4231630885e-001; w1(2,4)=2.2577615072e-001; 
w10(3,1)=-1.5682861546e-001; w1(3,1)=-8.5439107772e-001; w1(3,2)=2.0780936796e-002; w1(3,3)=4.8547704661e-001; w1(3,4)=-6.7331700703e-001; 
w10(4,1)=1.2850022834e-002; w1(4,1)=2.7936960842e-001; w1(4,2)=2.1597472395e+000; w1(4,3)=1.5025233056e-001; w1(4,4)=5.6984486469e-002; 
w20=1.1738203220e+000; w2(1)=-3.5989708019e-001; w2(2)=-1.3872454891e+000; w2(3)=-4.8565204143e-001; w2(4)=-3.2551977038e-001; 

