
%liczba neuronów ukrytych: 7, liczba wejœæ sieci: 4
%wejœcie 1: u(k-4)
%wejœcie 2: u(k-5)
%wejœcie 3: y(k-1)
%wejœcie 4: y(k-2)
%uczenie w trybie OE
w10(1,1)=-1.9473331288e-001; w1(1,1)=1.0979716183e+000; w1(1,2)=8.0635640881e-001; w1(1,3)=-4.6146655385e-001; w1(1,4)=6.3034615599e-001; 
w10(2,1)=8.3230550251e-001; w1(2,1)=-1.8185887098e-001; w1(2,2)=7.0997824401e-001; w1(2,3)=-1.6321308320e+000; w1(2,4)=8.1160249564e-001; 
w10(3,1)=2.8930149351e+000; w1(3,1)=-4.1110691537e-001; w1(3,2)=7.7508057686e-001; w1(3,3)=6.2418421892e-001; w1(3,4)=-1.8928768230e+000; 
w10(4,1)=-2.9708220312e-001; w1(4,1)=3.6156250576e-002; w1(4,2)=-1.3389719838e-001; w1(4,3)=5.8629259670e-002; w1(4,4)=3.8246580560e-001; 
w10(5,1)=-4.8871590073e-001; w1(5,1)=-4.2091468123e-001; w1(5,2)=8.2393307070e-001; w1(5,3)=-4.1391180522e-001; w1(5,4)=-1.6271307842e+000; 
w10(6,1)=7.1197655526e-001; w1(6,1)=-1.7586602977e+000; w1(6,2)=-8.7183643986e-001; w1(6,3)=2.9626173767e-001; w1(6,4)=1.5546377518e-001; 
w10(7,1)=-3.0655112995e-001; w1(7,1)=-3.2705964110e-001; w1(7,2)=-4.4376834684e-001; w1(7,3)=-2.6198379735e-001; w1(7,4)=-2.9873508062e-001; 
w20=6.2857297787e-001; w2(1)=-3.7440472286e-001; w2(2)=-5.2693193935e-001; w2(3)=-3.2833390573e-001; w2(4)=5.7126232869e-001; w2(5)=-1.4732382843e-001; w2(6)=-1.3776630262e-001; w2(7)=-5.6439046679e-001; 

