
%liczba neuronów ukrytych: 10, liczba wejœæ sieci: 4
%wejœcie 1: u(k-4)
%wejœcie 2: u(k-5)
%wejœcie 3: y(k-1)
%wejœcie 4: y(k-2)
%uczenie w trybie OE
w10(1,1)=5.7231132154e-001; w1(1,1)=4.1401632030e-001; w1(1,2)=-2.3976141861e-001; w1(1,3)=2.0587937217e-001; w1(1,4)=1.6816123508e+000; 
w10(2,1)=-2.2659014223e+000; w1(2,1)=1.4154386485e+000; w1(2,2)=-1.0229873674e+000; w1(2,3)=-2.5130082574e-001; w1(2,4)=1.4347577916e+000; 
w10(3,1)=-6.0938231036e-001; w1(3,1)=-1.8893916884e-001; w1(3,2)=3.6024944902e-001; w1(3,3)=1.2952039531e+000; w1(3,4)=-4.5982805302e-001; 
w10(4,1)=-1.5068218762e-001; w1(4,1)=2.0524900569e-001; w1(4,2)=4.4086440442e-001; w1(4,3)=-4.7854399132e-001; w1(4,4)=-2.9187823782e-001; 
w10(5,1)=6.8095464171e-001; w1(5,1)=-7.9184804630e-001; w1(5,2)=-1.2205356141e+000; w1(5,3)=-7.7612525263e-002; w1(5,4)=6.0960809767e-001; 
w10(6,1)=-3.7671219417e-001; w1(6,1)=1.2657564927e+000; w1(6,2)=1.0046080882e+000; w1(6,3)=-4.3944974578e-001; w1(6,4)=-5.9400595681e-001; 
w10(7,1)=1.5471851135e-001; w1(7,1)=-6.8227026654e-001; w1(7,2)=-1.4041301095e+000; w1(7,3)=-3.9233875281e-001; w1(7,4)=2.1278099364e-001; 
w10(8,1)=-1.1046391155e+000; w1(8,1)=-2.1154025596e-001; w1(8,2)=1.1513376899e-001; w1(8,3)=7.5342584831e-001; w1(8,4)=-1.0817603741e-001; 
w10(9,1)=4.0133530721e-001; w1(9,1)=1.2836744360e-001; w1(9,2)=1.8124277409e+000; w1(9,3)=5.9475086862e-001; w1(9,4)=4.1815900520e-001; 
w10(10,1)=2.1432811332e-001; w1(10,1)=-4.1089920870e-001; w1(10,2)=7.5250647344e-001; w1(10,3)=-9.2421618605e-001; w1(10,4)=-2.0420060590e-001; 
w20=1.0636522748e+000; w2(1)=2.3669581539e-001; w2(2)=2.0515281949e-001; w2(3)=1.7433148950e-001; w2(4)=2.7553448976e-001; w2(5)=-1.8417869325e-001; w2(6)=4.5852449987e-002; w2(7)=4.5739438735e-001; w2(8)=9.1401269688e-001; w2(9)=1.0364201421e-001; w2(10)=-4.8362678417e-001; 

