
%liczba neuronów ukrytych: 5, liczba wejœæ sieci: 4
%wejœcie 1: u(k-4)
%wejœcie 2: u(k-5)
%wejœcie 3: y(k-1)
%wejœcie 4: y(k-2)
%uczenie w trybie OE
w10(1,1)=-1.6198715216e+000; w1(1,1)=2.0192021859e-001; w1(1,2)=-8.8611532477e-001; w1(1,3)=-4.0154327841e-001; w1(1,4)=9.7945617537e-001; 
w10(2,1)=-9.8738985696e-002; w1(2,1)=3.6854671298e-001; w1(2,2)=-6.0425553997e-001; w1(2,3)=4.5705929245e-001; w1(2,4)=7.6718518777e-002; 
w10(3,1)=1.9406744416e-001; w1(3,1)=5.0305130193e-001; w1(3,2)=2.2347399378e+000; w1(3,3)=-8.4036243821e-001; w1(3,4)=1.0815933182e+000; 
w10(4,1)=-1.7242343114e+000; w1(4,1)=-1.4138274619e+000; w1(4,2)=4.0549524905e-002; w1(4,3)=2.3287303555e+000; w1(4,4)=-1.2690313676e+000; 
w10(5,1)=4.5132578497e-001; w1(5,1)=-3.0002323089e-001; w1(5,2)=1.1643906374e+000; w1(5,3)=2.0435113133e-002; w1(5,4)=4.0382305621e-001; 
w20=5.4126064822e-001; w2(1)=6.2538476365e-001; w2(2)=1.1128674711e+000; w2(3)=-2.0827238796e-001; w2(4)=9.4118709379e-002; w2(5)=6.4881185845e-001; 

