
%liczba neuronów ukrytych: 5, liczba wejœæ sieci: 4
%wejœcie 1: u(k-4)
%wejœcie 2: u(k-5)
%wejœcie 3: y(k-1)
%wejœcie 4: y(k-2)
%uczenie w trybie OE
w10(1,1)=1.8820136585e+000; w1(1,1)=-1.3357287084e+000; w1(1,2)=5.7878742430e-002; w1(1,3)=8.1821998008e-001; w1(1,4)=-5.0875310124e-001; 
w10(2,1)=2.8687386225e-001; w1(2,1)=-5.3031153506e-002; w1(2,2)=6.7551764498e-002; w1(2,3)=-2.1710026947e-001; w1(2,4)=-1.8664243560e-001; 
w10(3,1)=-5.0974849040e-001; w1(3,1)=1.4958042404e+000; w1(3,2)=-1.2592507269e+000; w1(3,3)=-1.3281417422e+000; w1(3,4)=2.7359291195e+000; 
w10(4,1)=2.4074034730e-001; w1(4,1)=1.0246030396e+000; w1(4,2)=3.5896658550e+000; w1(4,3)=-1.4132870617e+000; w1(4,4)=2.1207370247e+000; 
w10(5,1)=1.3778452137e+000; w1(5,1)=-1.6658381018e+000; w1(5,2)=-9.4928075358e-001; w1(5,3)=2.3844573451e-001; w1(5,4)=-9.6655577018e-001; 
w20=2.1267848417e+000; w2(1)=-1.7314799775e+000; w2(2)=-2.7358059748e+000; w2(3)=-5.7448854052e-002; w2(4)=-1.1846100317e-001; w2(5)=3.3057776597e-001; 

