
%liczba neuronów ukrytych: 6, liczba wejœæ sieci: 4
%wejœcie 1: u(k-4)
%wejœcie 2: u(k-5)
%wejœcie 3: y(k-1)
%wejœcie 4: y(k-2)
%uczenie w trybie OE
w10(1,1)=1.5465724584e-001; w1(1,1)=-7.1820659092e-002; w1(1,2)=4.2323739454e-001; w1(1,3)=-8.2571746401e-001; w1(1,4)=6.2584014510e-001; 
w10(2,1)=6.9280432583e-001; w1(2,1)=-4.5672991694e-001; w1(2,2)=9.8497859776e-001; w1(2,3)=-8.5771089669e-001; w1(2,4)=1.0570060604e+000; 
w10(3,1)=-1.2582312708e+000; w1(3,1)=-4.5150820649e-002; w1(3,2)=-1.4450727692e+000; w1(3,3)=7.1945653449e-001; w1(3,4)=-1.0467331085e+000; 
w10(4,1)=8.1500255896e-001; w1(4,1)=3.2073861146e-001; w1(4,2)=4.8853443695e-002; w1(4,3)=1.4275273768e-001; w1(4,4)=-3.5606629375e-001; 
w10(5,1)=4.3238431308e-001; w1(5,1)=-1.7089205073e+000; w1(5,2)=2.1968421806e+000; w1(5,3)=2.7176277913e-001; w1(5,4)=-5.1494832506e-001; 
w10(6,1)=-6.8055933608e-001; w1(6,1)=5.3133923510e-002; w1(6,2)=4.0118298723e-001; w1(6,3)=-6.0821113857e-001; w1(6,4)=6.3415760453e-001; 
w20=1.4896538281e+000; w2(1)=-3.2498477632e+000; w2(2)=8.0198340180e-001; w2(3)=-3.6123677358e-001; w2(4)=-6.5080036943e-001; w2(5)=-1.1176454443e-001; w2(6)=2.1902526937e+000; 

