
%liczba neuronów ukrytych: 3, liczba wejœæ sieci: 4
%wejœcie 1: u(k-4)
%wejœcie 2: u(k-5)
%wejœcie 3: y(k-1)
%wejœcie 4: y(k-2)
%uczenie w trybie OE
w10(1,1)=-6.2079481510e-001; w1(1,1)=-4.6164011949e-001; w1(1,2)=3.3496904040e+000; w1(1,3)=1.2426782814e+000; w1(1,4)=-6.8005910339e-001; 
w10(2,1)=1.4654250859e+000; w1(2,1)=-1.9342270412e+000; w1(2,2)=-1.1825789994e+000; w1(2,3)=1.1136060383e+000; w1(2,4)=-2.3396908931e-001; 
w10(3,1)=-3.0574009773e-001; w1(3,1)=-9.6768869328e-002; w1(3,2)=1.0332655006e-001; w1(3,3)=2.8634877907e-001; w1(3,4)=9.2386091952e-002; 
w20=8.6262745492e-001; w2(1)=-4.3002291703e-001; w2(2)=-3.2084088761e-001; w2(3)=2.7433847831e+000; 

