
%liczba neuronów ukrytych: 2, liczba wejœæ sieci: 4
%wejœcie 1: u(k-4)
%wejœcie 2: u(k-5)
%wejœcie 3: y(k-1)
%wejœcie 4: y(k-2)
%uczenie w trybie OE
w10(1,1)=4.4782295653e-001; w1(1,1)=9.8224352929e-002; w1(1,2)=3.8675397190e-001; w1(1,3)=6.3227776470e-001; w1(1,4)=-9.5840878586e-001; 
w10(2,1)=7.1576650782e-001; w1(2,1)=8.2116338779e-001; w1(2,2)=1.4692661622e-001; w1(2,3)=2.4459280273e+000; w1(2,4)=-2.0058606065e+000; 
w20=3.3864162396e-001; w2(1)=-2.1781139765e+000; w2(2)=9.4048026250e-001; 

