
%liczba neuronów ukrytych: 8, liczba wejœæ sieci: 4
%wejœcie 1: u(k-4)
%wejœcie 2: u(k-5)
%wejœcie 3: y(k-1)
%wejœcie 4: y(k-2)
%uczenie w trybie OE
w10(1,1)=1.9770558971e-001; w1(1,1)=-1.6485314308e+000; w1(1,2)=1.1767615396e+000; w1(1,3)=3.1020049753e-001; w1(1,4)=-1.3251202548e+000; 
w10(2,1)=-3.5616962792e-001; w1(2,1)=-1.5663382178e+000; w1(2,2)=-1.4216817416e+000; w1(2,3)=3.9219998269e-002; w1(2,4)=-8.2638825530e-001; 
w10(3,1)=-4.7848642140e-001; w1(3,1)=-3.9475870936e-001; w1(3,2)=-6.5596474997e-001; w1(3,3)=8.2250920661e-001; w1(3,4)=-3.4963714930e-001; 
w10(4,1)=-1.8097786062e-001; w1(4,1)=6.4602594012e-001; w1(4,2)=2.7007069232e+000; w1(4,3)=2.4945822868e-001; w1(4,4)=1.9829349516e-001; 
w10(5,1)=-2.2018879484e+000; w1(5,1)=-2.3142482843e-001; w1(5,2)=1.8904017115e-001; w1(5,3)=1.8417442520e-001; w1(5,4)=8.9035551965e-001; 
w10(6,1)=-1.5613960399e+000; w1(6,1)=-4.6922750358e-001; w1(6,2)=-1.4530377115e+000; w1(6,3)=-1.0022657822e+000; w1(6,4)=-9.4051373975e-001; 
w10(7,1)=6.3281845422e-001; w1(7,1)=-4.7828394245e-001; w1(7,2)=-2.8319018467e+000; w1(7,3)=2.0604971166e-001; w1(7,4)=2.2822089490e-001; 
w10(8,1)=3.3568113320e-001; w1(8,1)=-5.9998465669e-001; w1(8,2)=1.9871264244e-001; w1(8,3)=9.1536672718e-001; w1(8,4)=-3.6908769622e-001; 
w20=6.2576636976e-001; w2(1)=-4.6473565918e-001; w2(2)=-2.0704811324e-002; w2(3)=5.8129757979e-001; w2(4)=-1.9838824859e-001; w2(5)=6.2435067555e-001; w2(6)=-3.2045574722e-001; w2(7)=-1.2767601997e-001; w2(8)=2.0281119272e-001; 

