
%liczba neuronów ukrytych: 6, liczba wejœæ sieci: 4
%wejœcie 1: u(k-4)
%wejœcie 2: u(k-5)
%wejœcie 3: y(k-1)
%wejœcie 4: y(k-2)
%uczenie w trybie OE
w10(1,1)=-1.0473213450e-001; w1(1,1)=-6.8981419697e-001; w1(1,2)=-2.9079724024e+000; w1(1,3)=-3.1864605677e-001; w1(1,4)=-2.4040851774e-001; 
w10(2,1)=1.1794014345e-001; w1(2,1)=1.7057041716e-001; w1(2,2)=2.9105889631e-001; w1(2,3)=-3.8746593344e-001; w1(2,4)=7.8681877670e-001; 
w10(3,1)=5.9635851373e-003; w1(3,1)=1.2781481315e+000; w1(3,2)=-5.6807141198e-001; w1(3,3)=-1.0594068929e+000; w1(3,4)=1.5747308681e+000; 
w10(4,1)=-9.7833145433e-001; w1(4,1)=1.7477009064e+000; w1(4,2)=1.5293842365e+000; w1(4,3)=6.1026688238e-001; w1(4,4)=8.2600177541e-002; 
w10(5,1)=6.2316982919e-001; w1(5,1)=1.7530611108e-001; w1(5,2)=2.6278011228e-001; w1(5,3)=-6.1083908343e-001; w1(5,4)=1.5640367392e-001; 
w10(6,1)=-1.2112236295e+000; w1(6,1)=2.1658479779e+000; w1(6,2)=1.3780903703e+000; w1(6,3)=-1.4340966586e-001; w1(6,4)=1.2289155835e+000; 
w20=5.7394835406e-001; w2(1)=2.2006496402e-001; w2(2)=1.0418059060e+000; w2(3)=1.3514456882e-001; w2(4)=1.7585485612e-001; w2(5)=-1.3263566713e+000; w2(6)=-2.2848992957e-001; 

