
%liczba neuronów ukrytych: 9, liczba wejœæ sieci: 4
%wejœcie 1: u(k-4)
%wejœcie 2: u(k-5)
%wejœcie 3: y(k-1)
%wejœcie 4: y(k-2)
%uczenie w trybie OE
w10(1,1)=1.6931808476e-001; w1(1,1)=6.6428052282e-002; w1(1,2)=1.1429428903e+000; w1(1,3)=1.1655558057e-001; w1(1,4)=-6.6245395097e-001; 
w10(2,1)=1.2652974301e-002; w1(2,1)=-1.4142319920e+000; w1(2,2)=-4.2531081213e+000; w1(2,3)=4.0346101125e-001; w1(2,4)=-1.0981983803e+000; 
w10(3,1)=-1.1057867740e+000; w1(3,1)=5.0897973439e-001; w1(3,2)=-5.1054765376e-001; w1(3,3)=2.3302039480e-001; w1(3,4)=4.3402254327e-001; 
w10(4,1)=-2.8936847994e-001; w1(4,1)=-2.7916680410e-001; w1(4,2)=1.2334584641e-001; w1(4,3)=-9.7841339666e-001; w1(4,4)=-6.8058489263e-001; 
w10(5,1)=-7.7431571378e-001; w1(5,1)=9.2912847245e-001; w1(5,2)=2.1667771052e-001; w1(5,3)=-9.9418276643e-001; w1(5,4)=-8.1061630719e-001; 
w10(6,1)=1.0557244032e+000; w1(6,1)=-7.6522232467e-001; w1(6,2)=5.1094414671e-002; w1(6,3)=1.2906562761e+000; w1(6,4)=6.5558624908e-003; 
w10(7,1)=1.5819446747e-001; w1(7,1)=1.0536783715e+000; w1(7,2)=-5.8127344576e-001; w1(7,3)=-6.7579727405e-002; w1(7,4)=4.9147157281e-001; 
w10(8,1)=2.6558870318e-001; w1(8,1)=-1.6225220673e+000; w1(8,2)=4.1097687479e-002; w1(8,3)=2.3552197171e-001; w1(8,4)=-4.4823788618e-001; 
w10(9,1)=9.6091136087e-001; w1(9,1)=5.5358384910e-001; w1(9,2)=1.1994831960e+000; w1(9,3)=-1.0075139237e+000; w1(9,4)=4.6857639214e-002; 
w20=1.0967002484e+000; w2(1)=4.6206661923e-001; w2(2)=3.1240059281e-002; w2(3)=1.2414150429e+000; w2(4)=-4.8220599689e-001; w2(5)=-1.0436780031e-001; w2(6)=-3.9119151097e-001; w2(7)=3.4914866840e-001; w2(8)=4.9956282166e-001; w2(9)=-3.4967967718e-001; 

