
%liczba neuronów ukrytych: 4, liczba wejœæ sieci: 4
%wejœcie 1: u(k-4)
%wejœcie 2: u(k-5)
%wejœcie 3: y(k-1)
%wejœcie 4: y(k-2)
%uczenie w trybie OE
w10(1,1)=-1.7462347104e+000; w1(1,1)=3.0267478338e-001; w1(1,2)=1.2009171031e+000; w1(1,3)=-7.7896853321e-001; w1(1,4)=5.0135219777e-001; 
w10(2,1)=3.6675090252e-001; w1(2,1)=6.1321590902e-002; w1(2,2)=-6.4760512302e-002; w1(2,3)=-1.7453501118e-001; w1(2,4)=-2.7302073612e-001; 
w10(3,1)=3.4015052703e-001; w1(3,1)=1.3546812996e+000; w1(3,2)=2.8519302237e+000; w1(3,3)=1.8433961850e+000; w1(3,4)=-1.1622654176e+000; 
w10(4,1)=-1.2943184370e+000; w1(4,1)=-1.1561435840e+000; w1(4,2)=3.5481396266e+000; w1(4,3)=-8.2821618147e-001; w1(4,4)=1.4199199718e+000; 
w20=1.5083065895e+000; w2(1)=1.0267804318e+000; w2(2)=-2.3582839012e+000; w2(3)=-1.4514482422e-001; w2(4)=-3.8523181306e-001; 

