
%liczba neuronów ukrytych: 9, liczba wejœæ sieci: 4
%wejœcie 1: u(k-4)
%wejœcie 2: u(k-5)
%wejœcie 3: y(k-1)
%wejœcie 4: y(k-2)
%uczenie w trybie OE
w10(1,1)=1.7425444089e-001; w1(1,1)=1.1975022939e+000; w1(1,2)=9.0007360540e-001; w1(1,3)=-7.6944488141e-001; w1(1,4)=7.3702317911e-001; 
w10(2,1)=-1.6999786874e+000; w1(2,1)=-2.1094918288e+000; w1(2,2)=-2.6376828795e+000; w1(2,3)=4.4496732206e-001; w1(2,4)=-1.0109842025e+000; 
w10(3,1)=-8.8196369567e-001; w1(3,1)=9.9227501809e-001; w1(3,2)=7.9611722470e-001; w1(3,3)=-6.0063700338e-002; w1(3,4)=6.9932767335e-001; 
w10(4,1)=-6.8124468344e-001; w1(4,1)=2.7924238763e-001; w1(4,2)=4.5440181886e-001; w1(4,3)=-7.0037568321e-001; w1(4,4)=-6.1514441058e-001; 
w10(5,1)=7.3276870897e-001; w1(5,1)=-2.2159188891e-001; w1(5,2)=-1.4655245419e-001; w1(5,3)=7.1846560146e-001; w1(5,4)=9.3445595910e-001; 
w10(6,1)=6.3461678357e-001; w1(6,1)=-7.4312547823e-001; w1(6,2)=-6.3464316532e-001; w1(6,3)=-7.4168631489e-001; w1(6,4)=-1.5737471089e+000; 
w10(7,1)=-1.6244088097e+000; w1(7,1)=-2.2937268043e-001; w1(7,2)=3.7090202616e-001; w1(7,3)=6.4688474131e-001; w1(7,4)=-1.0765004650e-001; 
w10(8,1)=1.4611373772e-001; w1(8,1)=-5.8431612692e-001; w1(8,2)=6.0019136369e-001; w1(8,3)=-2.8775368703e-001; w1(8,4)=-6.2216927594e-001; 
w10(9,1)=-9.3709451100e-001; w1(9,1)=1.2865748063e-001; w1(9,2)=-1.0454295435e-001; w1(9,3)=5.5405513660e-001; w1(9,4)=-6.6769516960e-002; 
w20=1.6444975729e+000; w2(1)=-2.5687899241e-001; w2(2)=-1.5851503442e-002; w2(3)=-1.3819299928e-001; w2(4)=9.6046206376e-001; w2(5)=7.9719143468e-001; w2(6)=5.4082397595e-002; w2(7)=7.6719458386e-001; w2(8)=-7.6102706027e-001; w2(9)=1.1610241350e+000; 

