
%liczba neuronów ukrytych: 3, liczba wejœæ sieci: 4
%wejœcie 1: u(k-4)
%wejœcie 2: u(k-5)
%wejœcie 3: y(k-1)
%wejœcie 4: y(k-2)
%uczenie w trybie OE
w10(1,1)=-4.2095880317e-001; w1(1,1)=2.8853241103e-001; w1(1,2)=-6.0408295047e-001; w1(1,3)=6.3549115587e-001; w1(1,4)=-3.1449542911e-001; 
w10(2,1)=4.1811300115e-001; w1(2,1)=-3.8784829018e-001; w1(2,2)=8.5937702129e-001; w1(2,3)=-5.6197284181e-001; w1(2,4)=8.2046797723e-001; 
w10(3,1)=-1.5184698116e-001; w1(3,1)=-8.1275984384e-002; w1(3,2)=-2.7932650162e+000; w1(3,3)=1.3431948618e+000; w1(3,4)=-1.7535590484e+000; 
w20=3.0984390485e-001; w2(1)=2.1455852748e+000; w2(2)=1.4315411189e+000; w2(3)=1.3943422069e-001; 

