
%liczba neuronów ukrytych: 4, liczba wejœæ sieci: 4
%wejœcie 1: u(k-4)
%wejœcie 2: u(k-5)
%wejœcie 3: y(k-1)
%wejœcie 4: y(k-2)
%uczenie w trybie OE
w10(1,1)=-1.9585013291e-001; w1(1,1)=-9.1689523420e-002; w1(1,2)=2.3708796843e-001; w1(1,3)=8.5608144683e-001; w1(1,4)=2.6418534102e-001; 
w10(2,1)=1.4203926541e+000; w1(2,1)=2.3936055075e-001; w1(2,2)=7.0157422977e-003; w1(2,3)=-6.6432622934e-001; w1(2,4)=-2.9458605023e-002; 
w10(3,1)=2.8524335589e-001; w1(3,1)=2.4288396402e+000; w1(3,2)=-2.7350650756e-001; w1(3,3)=-4.1540921132e-001; w1(3,4)=8.1340326404e-001; 
w10(4,1)=-1.4307542112e-001; w1(4,1)=-4.7609249973e-001; w1(4,2)=-2.0168514677e+000; w1(4,3)=3.8453196614e-001; w1(4,4)=-6.2301138204e-001; 
w20=1.1195665333e+000; w2(1)=6.1977305930e-001; w2(2)=-1.1388836687e+000; w2(3)=2.1699429250e-001; w2(4)=3.5482055602e-001; 

