
%liczba neuronów ukrytych: 7, liczba wejœæ sieci: 4
%wejœcie 1: u(k-4)
%wejœcie 2: u(k-5)
%wejœcie 3: y(k-1)
%wejœcie 4: y(k-2)
%uczenie w trybie OE
w10(1,1)=-1.1973880615e+000; w1(1,1)=-7.0841602290e-001; w1(1,2)=-1.9964905219e+000; w1(1,3)=-1.4696970523e+000; w1(1,4)=5.3749838233e-001; 
w10(2,1)=8.4205796545e-001; w1(2,1)=-6.4544812657e-002; w1(2,2)=8.1129875574e-002; w1(2,3)=-4.7177826239e-001; w1(2,4)=2.5259393449e+000; 
w10(3,1)=-8.6969371701e-001; w1(3,1)=-1.1417725205e+000; w1(3,2)=1.6206013934e-002; w1(3,3)=6.8465446137e-001; w1(3,4)=-9.8041009987e-001; 
w10(4,1)=-9.4168433308e-001; w1(4,1)=-2.2788420374e-002; w1(4,2)=-7.4298751147e-002; w1(4,3)=6.4158837014e-001; w1(4,4)=-1.7440086613e-001; 
w10(5,1)=2.7827641952e-001; w1(5,1)=1.9544644862e+000; w1(5,2)=1.1857385443e+000; w1(5,3)=5.7525673782e-001; w1(5,4)=-5.1442784502e-001; 
w10(6,1)=1.2961789418e-001; w1(6,1)=8.4040790836e-001; w1(6,2)=5.5381837161e-001; w1(6,3)=2.9582686478e-001; w1(6,4)=-9.6318934715e-001; 
w10(7,1)=-5.2790491118e-001; w1(7,1)=1.8663410710e-001; w1(7,2)=-1.1333599490e+000; w1(7,3)=1.1408042418e-002; w1(7,4)=1.0709045168e+000; 
w20=1.2880000527e+000; w2(1)=-4.8985496811e-002; w2(2)=2.3961275302e-001; w2(3)=-1.1898390661e-001; w2(4)=1.8638967288e+000; w2(5)=-1.8141975069e-001; w2(6)=2.6957170993e-001; w2(7)=3.8991052369e-001; 

