
%liczba neuronów ukrytych: 2, liczba wejœæ sieci: 4
%wejœcie 1: u(k-4)
%wejœcie 2: u(k-5)
%wejœcie 3: y(k-1)
%wejœcie 4: y(k-2)
%uczenie w trybie OE
w10(1,1)=3.6921091431e-001; w1(1,1)=-2.1360202471e-001; w1(1,2)=9.5338485481e-001; w1(1,3)=-8.8571536260e-002; w1(1,4)=-9.8456567930e-002; 
w10(2,1)=6.1380524070e-001; w1(2,1)=-1.7985374760e-001; w1(2,2)=8.2737608728e-001; w1(2,3)=8.2633041706e-002; w1(2,4)=2.0546780909e-001; 
w20=-5.6179736369e-001; w2(1)=-2.2745407722e+000; w2(2)=2.4982146670e+000; 

