
%liczba neuronów ukrytych: 1, liczba wejœæ sieci: 4
%wejœcie 1: u(k-4)
%wejœcie 2: u(k-5)
%wejœcie 3: y(k-1)
%wejœcie 4: y(k-2)
%uczenie w trybie OE
w10(1,1)=-5.0037855406e-001; w1(1,1)=-7.7241926682e-002; w1(1,2)=-1.4819150073e-001; w1(1,3)=-7.2400036327e-003; w1(1,4)=4.0325676679e-001; 
w20=1.0820840875e+000; w2(1)=2.3262473393e+000; 

