
%liczba neuronów ukrytych: 7, liczba wejœæ sieci: 4
%wejœcie 1: u(k-4)
%wejœcie 2: u(k-5)
%wejœcie 3: y(k-1)
%wejœcie 4: y(k-2)
%uczenie w trybie OE
w10(1,1)=-1.3788500082e+000; w1(1,1)=-5.9430901391e-002; w1(1,2)=5.8352278558e-001; w1(1,3)=5.9507703719e-001; w1(1,4)=1.9500026435e-001; 
w10(2,1)=-2.0672374738e+000; w1(2,1)=4.9753403652e-001; w1(2,2)=-1.1949106147e+000; w1(2,3)=-6.6915509357e-001; w1(2,4)=1.1979286532e+000; 
w10(3,1)=6.6234020604e-001; w1(3,1)=-6.9684002828e-002; w1(3,2)=6.2271488628e-001; w1(3,3)=3.2520034900e-001; w1(3,4)=2.9341634736e-001; 
w10(4,1)=1.5040749384e-001; w1(4,1)=-3.4166208028e-001; w1(4,2)=4.3621030994e-001; w1(4,3)=-4.0405497732e-001; w1(4,4)=6.2170949991e-002; 
w10(5,1)=8.5327120024e-001; w1(5,1)=1.7833111951e+000; w1(5,2)=4.8100446851e-001; w1(5,3)=3.3928739396e-001; w1(5,4)=-6.7743848570e-002; 
w10(6,1)=-2.0845810115e-001; w1(6,1)=-7.4630820202e-001; w1(6,2)=-3.9717290012e-001; w1(6,3)=4.9063387121e-001; w1(6,4)=-4.6550282082e-001; 
w10(7,1)=-6.9276693042e-001; w1(7,1)=9.5244290785e-001; w1(7,2)=1.1498531054e+000; w1(7,3)=-5.6348248966e-002; w1(7,4)=-4.3677902373e-001; 
w20=3.3930656577e-001; w2(1)=4.5968441118e-001; w2(2)=1.7579970904e-001; w2(3)=9.6089563504e-001; w2(4)=-1.2739994294e+000; w2(5)=1.7330036485e-001; w2(6)=8.3724206519e-001; w2(7)=1.3146877949e-001; 

