
%liczba neuronów ukrytych: 4, liczba wejœæ sieci: 4
%wejœcie 1: u(k-4)
%wejœcie 2: u(k-5)
%wejœcie 3: y(k-1)
%wejœcie 4: y(k-2)
%uczenie w trybie OE
w10(1,1)=-2.9995870087e+000; w1(1,1)=1.0757305013e+000; w1(1,2)=-2.6781772632e+000; w1(1,3)=4.2806601061e+000; w1(1,4)=-3.6935907912e+000; 
w10(2,1)=-5.9588367979e-001; w1(2,1)=1.1273233593e-001; w1(2,2)=-1.0514956847e-001; w1(2,3)=4.7185383581e-001; w1(2,4)=-6.3288870177e-002; 
w10(3,1)=1.1382477493e+000; w1(3,1)=-3.9959413740e-001; w1(3,2)=-8.7923236779e-002; w1(3,3)=-8.5172155004e-001; w1(3,4)=-5.4975698353e-002; 
w10(4,1)=-1.6887008177e+000; w1(4,1)=-7.0451469251e-001; w1(4,2)=-1.9245605704e-002; w1(4,3)=7.2665852322e-001; w1(4,4)=-4.2428208706e-001; 
w20=1.5382435053e+000; w2(1)=-3.4647598535e-001; w2(2)=3.9551362808e+000; w2(3)=8.4776296668e-001; w2(4)=4.9313749742e-001; 

