
%liczba neuronów ukrytych: 1, liczba wejœæ sieci: 4
%wejœcie 1: u(k-4)
%wejœcie 2: u(k-5)
%wejœcie 3: y(k-1)
%wejœcie 4: y(k-2)
%uczenie w trybie OE
w10(1,1)=5.0704486133e-001; w1(1,1)=1.2641906205e-001; w1(1,2)=1.0915310269e-001; w1(1,3)=5.3871691394e-002; w1(1,4)=-4.5318172847e-001; 
w20=1.0819817463e+000; w2(1)=-2.3004688678e+000; 

