
%liczba neuronów ukrytych: 5, liczba wejœæ sieci: 4
%wejœcie 1: u(k-4)
%wejœcie 2: u(k-5)
%wejœcie 3: y(k-1)
%wejœcie 4: y(k-2)
%uczenie w trybie OE
w10(1,1)=-1.2783926370e+000; w1(1,1)=4.7258548172e-001; w1(1,2)=-1.1009043665e+000; w1(1,3)=1.7109511403e+000; w1(1,4)=-1.9042650219e+000; 
w10(2,1)=8.0720424787e-001; w1(2,1)=8.3511114779e-002; w1(2,2)=3.4123356405e-001; w1(2,3)=-1.4292141283e+000; w1(2,4)=9.4364372090e-001; 
w10(3,1)=-4.8475868795e-001; w1(3,1)=1.0526345970e+000; w1(3,2)=-8.1675722328e-001; w1(3,3)=-1.5414794894e+000; w1(3,4)=1.9407999581e+000; 
w10(4,1)=-1.7496895577e-001; w1(4,1)=4.3132207026e-001; w1(4,2)=-7.2409398293e-001; w1(4,3)=3.5926669630e+000; w1(4,4)=-1.6322098724e+000; 
w10(5,1)=1.9731347372e-001; w1(5,1)=-1.4670065194e+000; w1(5,2)=-4.5544011403e+000; w1(5,3)=-2.4796749416e+000; w1(5,4)=1.0414003457e+000; 
w20=2.7376196320e-001; w2(1)=-1.0685413633e+000; w2(2)=-1.4358911940e+000; w2(3)=4.8291974539e-001; w2(4)=1.6756089308e-001; w2(5)=7.3761250655e-002; 

