
%liczba neuronów ukrytych: 2, liczba wejœæ sieci: 4
%wejœcie 1: u(k-4)
%wejœcie 2: u(k-5)
%wejœcie 3: y(k-1)
%wejœcie 4: y(k-2)
%uczenie w trybie OE
w10(1,1)=7.0477129164e-001; w1(1,1)=1.0120513371e-001; w1(1,2)=-1.7261231661e-002; w1(1,3)=-6.4893408487e-001; w1(1,4)=2.1796813534e-001; 
w10(2,1)=-3.1458388605e-001; w1(2,1)=-8.0616227710e-001; w1(2,2)=6.5760096765e-001; w1(2,3)=-2.2104021224e+000; w1(2,4)=1.0936522241e+000; 
w20=1.1947778233e+000; w2(1)=-2.1614743570e+000; w2(2)=-3.8511842250e-001; 

