
%liczba neuronów ukrytych: 10, liczba wejœæ sieci: 4
%wejœcie 1: u(k-4)
%wejœcie 2: u(k-5)
%wejœcie 3: y(k-1)
%wejœcie 4: y(k-2)
%uczenie w trybie OE
w10(1,1)=-1.5483661825e+000; w1(1,1)=1.3901634675e-001; w1(1,2)=-1.8679374170e-001; w1(1,3)=5.1969750421e-001; w1(1,4)=2.3180444711e-001; 
w10(2,1)=1.7340826695e-001; w1(2,1)=-4.6004776152e-003; w1(2,2)=-2.2811484818e-002; w1(2,3)=3.5566950601e-001; w1(2,4)=7.0857318076e-001; 
w10(3,1)=-3.6984408216e-002; w1(3,1)=-1.1114340035e+000; w1(3,2)=4.4369376047e-001; w1(3,3)=-1.6457344396e-001; w1(3,4)=-6.5656072323e-001; 
w10(4,1)=-7.1709409735e-001; w1(4,1)=1.0188662200e+000; w1(4,2)=3.3569259713e-001; w1(4,3)=-2.5084259312e-001; w1(4,4)=2.7158566485e-002; 
w10(5,1)=3.3538456156e-001; w1(5,1)=2.4588844720e-001; w1(5,2)=7.6103153801e-001; w1(5,3)=1.8700902397e-001; w1(5,4)=4.3594034601e-001; 
w10(6,1)=3.0517656774e-001; w1(6,1)=2.8907190537e-001; w1(6,2)=-1.6725353774e-001; w1(6,3)=-4.5495155731e-001; w1(6,4)=1.0860029362e-001; 
w10(7,1)=-3.6950012437e-001; w1(7,1)=1.3005794376e+000; w1(7,2)=5.8113403406e-001; w1(7,3)=-2.2315721138e-001; w1(7,4)=5.1977792945e-001; 
w10(8,1)=1.1393735002e+000; w1(8,1)=4.4354981391e-001; w1(8,2)=3.7360513482e+000; w1(8,3)=-8.6810693525e-002; w1(8,4)=-3.1447522665e-001; 
w10(9,1)=4.8020514181e-002; w1(9,1)=-6.2108855852e-001; w1(9,2)=-5.2808433251e-001; w1(9,3)=-5.6637012437e-001; w1(9,4)=-4.6116398195e-001; 
w10(10,1)=-3.5815065223e-001; w1(10,1)=1.5398258533e-001; w1(10,2)=-8.6538608969e-001; w1(10,3)=8.4850397246e-001; w1(10,4)=-3.4631082253e-001; 
w20=8.4924522893e-001; w2(1)=7.5156528436e-001; w2(2)=3.7963723828e-001; w2(3)=-4.2567072345e-001; w2(4)=3.6032622520e-001; w2(5)=5.7043726598e-001; w2(6)=-4.7624955257e-001; w2(7)=-2.9112417550e-001; w2(8)=-4.4915464618e-002; w2(9)=5.0017269408e-001; w2(10)=4.5355373153e-001; 

