
%liczba neuronów ukrytych: 2, liczba wejœæ sieci: 4
%wejœcie 1: u(k-4)
%wejœcie 2: u(k-5)
%wejœcie 3: y(k-1)
%wejœcie 4: y(k-2)
%uczenie w trybie OE
w10(1,1)=-5.6293971956e-001; w1(1,1)=-3.1225718828e-001; w1(1,2)=1.0730487080e-002; w1(1,3)=5.2377275205e-001; w1(1,4)=-3.1029000438e-002; 
w10(2,1)=2.1298805133e+000; w1(2,1)=3.0004637337e+000; w1(2,2)=-6.4494956575e-001; w1(2,3)=-5.7896789823e+000; w1(2,4)=6.4996580192e+000; 
w20=7.6655852913e-001; w2(1)=1.9905344339e+000; w2(2)=2.5911108166e-001; 

