
%liczba neuronów ukrytych: 5, liczba wejœæ sieci: 4
%wejœcie 1: u(k-4)
%wejœcie 2: u(k-5)
%wejœcie 3: y(k-1)
%wejœcie 4: y(k-2)
%uczenie w trybie OE
w10(1,1)=7.3161650220e-001; w1(1,1)=6.1344326011e-001; w1(1,2)=2.2173536895e-001; w1(1,3)=-1.2804941924e-001; w1(1,4)=5.7988379027e-001; 
w10(2,1)=1.1995101657e-001; w1(2,1)=2.7676334572e-001; w1(2,2)=-8.1079141354e-001; w1(2,3)=-1.7783768371e+000; w1(2,4)=1.9156001451e+000; 
w10(3,1)=1.7064496277e-001; w1(3,1)=-1.3969955309e-001; w1(3,2)=-1.4663157254e-001; w1(3,3)=2.1492304117e-001; w1(3,4)=-5.4235345568e-001; 
w10(4,1)=3.5670198958e-002; w1(4,1)=4.2880471563e-001; w1(4,2)=-2.4660578650e-001; w1(4,3)=-3.2756777622e+000; w1(4,4)=3.0210796160e+000; 
w10(5,1)=-7.3392391552e-001; w1(5,1)=-1.1943924313e-001; w1(5,2)=-1.0314827868e+000; w1(5,3)=-4.1929192094e-001; w1(5,4)=6.7820941873e-001; 
w20=1.9075444485e-001; w2(1)=6.5666947739e-001; w2(2)=5.5332919431e-001; w2(3)=-1.0765099426e+000; w2(4)=-6.4639987241e-001; w2(5)=7.4223290233e-001; 

