
%liczba neuronów ukrytych: 7, liczba wejœæ sieci: 4
%wejœcie 1: u(k-4)
%wejœcie 2: u(k-5)
%wejœcie 3: y(k-1)
%wejœcie 4: y(k-2)
%uczenie w trybie OE
w10(1,1)=1.1375034115e+000; w1(1,1)=2.6764554626e-001; w1(1,2)=2.8541867624e-001; w1(1,3)=-1.7386654238e+000; w1(1,4)=1.1923779699e+000; 
w10(2,1)=1.1454608893e+000; w1(2,1)=4.1117743035e-001; w1(2,2)=4.6484891831e-001; w1(2,3)=-1.2198290031e+000; w1(2,4)=9.3830980796e-001; 
w10(3,1)=2.8195086199e+000; w1(3,1)=9.3288247401e-001; w1(3,2)=2.6032644795e-001; w1(3,3)=3.4516363292e-001; w1(3,4)=-1.1399372490e+000; 
w10(4,1)=9.8084929214e-002; w1(4,1)=-1.0079308493e+000; w1(4,2)=-3.7089420043e+000; w1(4,3)=3.9282742179e-001; w1(4,4)=-1.3407981460e+000; 
w10(5,1)=-1.1741085344e+000; w1(5,1)=-1.2022017112e+000; w1(5,2)=1.1857325764e+000; w1(5,3)=1.0801011503e+000; w1(5,4)=-5.6528609684e-001; 
w10(6,1)=8.0469463665e-001; w1(6,1)=-8.8184829456e-001; w1(6,2)=2.0569771266e+000; w1(6,3)=4.8288054125e-001; w1(6,4)=-1.2772314389e+000; 
w10(7,1)=-1.3850703912e-001; w1(7,1)=3.9379133812e-001; w1(7,2)=-4.1154082450e-001; w1(7,3)=-8.9656463550e-001; w1(7,4)=-9.9235912416e-001; 
w20=9.7239423282e-001; w2(1)=-1.8212542535e+000; w2(2)=1.7412758571e+000; w2(3)=-6.5639029123e-001; w2(4)=6.8381280187e-002; w2(5)=-1.2861584906e-002; w2(6)=-4.7682981344e-001; w2(7)=-2.8341912706e-001; 

