
%liczba neuronów ukrytych: 9, liczba wejœæ sieci: 4
%wejœcie 1: u(k-4)
%wejœcie 2: u(k-5)
%wejœcie 3: y(k-1)
%wejœcie 4: y(k-2)
%uczenie w trybie OE
w10(1,1)=6.2616427498e-001; w1(1,1)=4.5724553571e-001; w1(1,2)=2.0888204241e+000; w1(1,3)=1.8050093219e-001; w1(1,4)=1.5962940955e-001; 
w10(2,1)=1.2413235443e-001; w1(2,1)=2.1356136094e-001; w1(2,2)=1.5004981777e+000; w1(2,3)=7.1030644079e-001; w1(2,4)=-4.5221695715e-001; 
w10(3,1)=-1.6751381546e-001; w1(3,1)=-9.9063051048e-001; w1(3,2)=3.1365864487e-001; w1(3,3)=1.5841941813e+000; w1(3,4)=-1.2270691322e+000; 
w10(4,1)=3.5898746543e-001; w1(4,1)=-5.7104053147e-001; w1(4,2)=-7.4606989258e-001; w1(4,3)=-2.0906734997e-002; w1(4,4)=3.4367274052e-001; 
w10(5,1)=-5.7972511589e-002; w1(5,1)=2.7921686805e-001; w1(5,2)=-1.2466194320e-001; w1(5,3)=7.2085040665e-002; w1(5,4)=4.3112596133e-001; 
w10(6,1)=-1.0259024874e+000; w1(6,1)=4.6765109119e-001; w1(6,2)=1.5207399735e-001; w1(6,3)=-1.5469592233e-002; w1(6,4)=4.8537092259e-001; 
w10(7,1)=-8.1454856047e-001; w1(7,1)=2.4355365346e-001; w1(7,2)=8.8993517218e-001; w1(7,3)=1.7425275979e+000; w1(7,4)=-4.4291619812e-001; 
w10(8,1)=-9.4457214171e-001; w1(8,1)=-1.2864551059e+000; w1(8,2)=-4.9936989122e-001; w1(8,3)=4.6320644725e-002; w1(8,4)=-7.1314430257e-001; 
w10(9,1)=-1.4536329685e+000; w1(9,1)=4.3096213993e-001; w1(9,2)=-1.5885942669e-002; w1(9,3)=5.8672136604e-001; w1(9,4)=2.3908634681e-001; 
w20=5.8470278056e-001; w2(1)=7.2551038911e-002; w2(2)=-4.3352555409e-001; w2(3)=8.6714062469e-001; w2(4)=-4.8785008134e-001; w2(5)=1.6980430390e+000; w2(6)=-4.4041108038e-004; w2(7)=-2.2472114976e-001; w2(8)=-1.9300427245e-001; w2(9)=5.0814655924e-001; 

