
%liczba neuronów ukrytych: 4, liczba wejœæ sieci: 4
%wejœcie 1: u(k-4)
%wejœcie 2: u(k-5)
%wejœcie 3: y(k-1)
%wejœcie 4: y(k-2)
%uczenie w trybie OE
w10(1,1)=4.9304572820e-001; w1(1,1)=-1.0887535677e+000; w1(1,2)=1.3169490222e+000; w1(1,3)=-9.6535552108e-001; w1(1,4)=4.0933798517e-001; 
w10(2,1)=2.2941722322e-001; w1(2,1)=1.0181267980e+000; w1(2,2)=2.4125797600e+000; w1(2,3)=1.1765968639e+000; w1(2,4)=-8.8829494059e-001; 
w10(3,1)=6.4031521230e-001; w1(3,1)=-2.8532149770e+000; w1(3,2)=3.3589521942e+000; w1(3,3)=-1.6742570277e+000; w1(3,4)=2.4986472329e+000; 
w10(4,1)=1.9315621953e+000; w1(4,1)=-2.7726093372e-001; w1(4,2)=1.8761071698e-001; w1(4,3)=-4.6882963375e-001; w1(4,4)=-1.5281142321e-001; 
w20=1.4716152221e+000; w2(1)=-1.1506015309e+000; w2(2)=-1.3793058828e-001; w2(3)=5.1972149724e-001; w2(4)=-1.2589854956e+000; 

