
%liczba neuronów ukrytych: 2, liczba wejœæ sieci: 4
%wejœcie 1: u(k-4)
%wejœcie 2: u(k-5)
%wejœcie 3: y(k-1)
%wejœcie 4: y(k-2)
%uczenie w trybie OE
w10(1,1)=8.9173340546e-001; w1(1,1)=1.9502233902e-001; w1(1,2)=-1.7468168307e-001; w1(1,3)=-7.7881290039e-001; w1(1,4)=3.3813701063e-001; 
w10(2,1)=-2.1702613512e-001; w1(2,1)=-3.6691254860e-001; w1(2,2)=4.1010405771e-001; w1(2,3)=-1.4678909174e+000; w1(2,4)=6.4709858324e-001; 
w20=1.3689983329e+000; w2(1)=-2.1213207256e+000; w2(2)=-6.6433083425e-001; 

