
%liczba neuronów ukrytych: 3, liczba wejœæ sieci: 4
%wejœcie 1: u(k-4)
%wejœcie 2: u(k-5)
%wejœcie 3: y(k-1)
%wejœcie 4: y(k-2)
%uczenie w trybie OE
w10(1,1)=1.9112862577e-001; w1(1,1)=1.2169570065e+000; w1(1,2)=-2.9219636525e+000; w1(1,3)=2.5474247412e-001; w1(1,4)=-2.3488390652e-001; 
w10(2,1)=-2.5267453109e-001; w1(2,1)=5.3241131420e-002; w1(2,2)=-1.0431025355e-001; w1(2,3)=7.9856034021e-003; w1(2,4)=4.1324436979e-001; 
w10(3,1)=-3.0080652563e-001; w1(3,1)=-1.0954775746e+000; w1(3,2)=2.3088066039e+000; w1(3,3)=3.8188071207e-001; w1(3,4)=-6.8592926977e-001; 
w20=8.3239283079e-001; w2(1)=1.0345001778e+000; w2(2)=2.7057393772e+000; w2(3)=1.2199019264e+000; 

