
%liczba neuronów ukrytych: 7, liczba wejœæ sieci: 4
%wejœcie 1: u(k-4)
%wejœcie 2: u(k-5)
%wejœcie 3: y(k-1)
%wejœcie 4: y(k-2)
%uczenie w trybie OE
w10(1,1)=-9.0075947555e-001; w1(1,1)=9.1950807073e-001; w1(1,2)=4.5457249836e-001; w1(1,3)=3.5670777049e-001; w1(1,4)=3.0928527020e-001; 
w10(2,1)=-1.6404205425e-001; w1(2,1)=1.9293178552e-001; w1(2,2)=2.6128954625e-001; w1(2,3)=7.7455618392e-001; w1(2,4)=1.1147558292e-001; 
w10(3,1)=5.6605112060e-001; w1(3,1)=2.1845775326e+000; w1(3,2)=4.6071910273e-001; w1(3,3)=-3.5319375098e-001; w1(3,4)=-4.9596673148e-001; 
w10(4,1)=-2.6775156905e+000; w1(4,1)=5.8152254242e-001; w1(4,2)=-3.4665205127e-001; w1(4,3)=5.4877808674e-001; w1(4,4)=8.3752286558e-001; 
w10(5,1)=1.1345502560e+000; w1(5,1)=-2.7920887337e-001; w1(5,2)=1.2725530049e+000; w1(5,3)=-2.7434748894e-001; w1(5,4)=-1.0115098895e+000; 
w10(6,1)=4.9553173255e-001; w1(6,1)=1.4948310893e+000; w1(6,2)=6.8584038755e-001; w1(6,3)=-7.8198572272e-001; w1(6,4)=3.0085157623e-001; 
w10(7,1)=6.0191344466e-002; w1(7,1)=4.7363276407e-001; w1(7,2)=-3.1950445763e-002; w1(7,3)=4.7350919185e-001; w1(7,4)=4.6205449992e-001; 
w20=6.3026708521e-001; w2(1)=-2.9287595437e-001; w2(2)=2.1108389094e-001; w2(3)=4.2837122231e-001; w2(4)=6.1225716652e-001; w2(5)=-1.7287455318e-001; w2(6)=-7.0925741842e-001; w2(7)=7.9328274642e-001; 

