
%liczba neuronów ukrytych: 9, liczba wejœæ sieci: 4
%wejœcie 1: u(k-4)
%wejœcie 2: u(k-5)
%wejœcie 3: y(k-1)
%wejœcie 4: y(k-2)
%uczenie w trybie OE
w10(1,1)=8.3196916751e-001; w1(1,1)=2.7489069700e-001; w1(1,2)=-8.9653288375e-001; w1(1,3)=7.9456587957e-001; w1(1,4)=1.1220639996e+000; 
w10(2,1)=-1.6743420160e+000; w1(2,1)=1.1048940675e+000; w1(2,2)=5.1540467135e-001; w1(2,3)=1.1342819648e+000; w1(2,4)=1.1146383288e+000; 
w10(3,1)=-1.1868349900e-001; w1(3,1)=-2.6947822561e-001; w1(3,2)=4.5638866670e-001; w1(3,3)=3.9503126651e-001; w1(3,4)=3.9523418055e-002; 
w10(4,1)=2.3736051709e+000; w1(4,1)=-2.7517707275e-001; w1(4,2)=-5.1680374586e-001; w1(4,3)=1.5146903100e+000; w1(4,4)=4.1257334301e-001; 
w10(5,1)=1.0266108937e-001; w1(5,1)=-3.0885891106e-001; w1(5,2)=4.1231701300e-001; w1(5,3)=-2.1114836412e-001; w1(5,4)=-2.6606485289e-001; 
w10(6,1)=7.4637409488e-001; w1(6,1)=-1.1581746754e+000; w1(6,2)=-9.5714310141e-001; w1(6,3)=1.7878832991e-001; w1(6,4)=7.9391788653e-001; 
w10(7,1)=-5.2157573350e-001; w1(7,1)=-1.0875674815e-001; w1(7,2)=-2.4666762969e+000; w1(7,3)=-3.2264028432e-001; w1(7,4)=4.5763510492e-001; 
w10(8,1)=5.1194383006e-001; w1(8,1)=-1.4390929456e+000; w1(8,2)=-1.0266024233e+000; w1(8,3)=-7.0193328936e-001; w1(8,4)=2.9197291934e-001; 
w10(9,1)=8.7250010048e-001; w1(9,1)=-6.1799238470e-001; w1(9,2)=6.0739625224e-001; w1(9,3)=-2.3517348996e-001; w1(9,4)=-2.9578181420e-001; 
w20=1.6743709615e+000; w2(1)=3.1833031198e-001; w2(2)=-9.8567127664e-002; w2(3)=1.0547452055e+000; w2(4)=-1.0790946525e+000; w2(5)=-6.0228250388e-001; w2(6)=-3.9272756245e-001; w2(7)=9.4792490927e-002; w2(8)=4.2015152154e-001; w2(9)=-9.1300983890e-001; 

