
%liczba neuronów ukrytych: 5, liczba wejœæ sieci: 4
%wejœcie 1: u(k-4)
%wejœcie 2: u(k-5)
%wejœcie 3: y(k-1)
%wejœcie 4: y(k-2)
%uczenie w trybie OE
w10(1,1)=-1.0134142385e+000; w1(1,1)=-1.1591022665e-001; w1(1,2)=-6.2683168303e-003; w1(1,3)=1.3015064147e-002; w1(1,4)=3.9306394123e-001; 
w10(2,1)=-1.0986746446e+000; w1(2,1)=7.6561542035e-002; w1(2,2)=-1.5306151179e+000; w1(2,3)=2.2904288557e-001; w1(2,4)=-2.4770807567e-001; 
w10(3,1)=-4.5612139839e-001; w1(3,1)=8.3844516492e-002; w1(3,2)=-8.1655756721e-001; w1(3,3)=1.7987808212e+000; w1(3,4)=-1.4687537738e+000; 
w10(4,1)=-4.0199700272e-001; w1(4,1)=-9.7459611498e-002; w1(4,2)=-3.0301423078e-001; w1(4,3)=-2.0755701797e-001; w1(4,4)=-5.9699306316e-001; 
w10(5,1)=1.6968142213e+000; w1(5,1)=9.0058718321e-001; w1(5,2)=-3.4403099989e-001; w1(5,3)=3.7494622083e-001; w1(5,4)=-2.0236533973e+000; 
w20=1.1389233290e+000; w2(1)=1.6641206303e+000; w2(2)=-2.4583214691e-001; w2(3)=7.5347907532e-001; w2(4)=-6.6072962753e-001; w2(5)=1.1000103328e-002; 

