
%liczba neuronów ukrytych: 8, liczba wejœæ sieci: 4
%wejœcie 1: u(k-4)
%wejœcie 2: u(k-5)
%wejœcie 3: y(k-1)
%wejœcie 4: y(k-2)
%uczenie w trybie OE
w10(1,1)=-1.0101302895e+000; w1(1,1)=-9.4761330396e-002; w1(1,2)=-5.8059383063e-001; w1(1,3)=1.4788736366e+000; w1(1,4)=-2.0841814608e-001; 
w10(2,1)=2.1469017189e-001; w1(2,1)=7.3266014753e-001; w1(2,2)=1.9217672343e-002; w1(2,3)=-3.2778566871e-001; w1(2,4)=5.6911640844e-001; 
w10(3,1)=1.2678238700e-001; w1(3,1)=1.8405857027e-001; w1(3,2)=2.5350147297e-001; w1(3,3)=-2.7052592376e-001; w1(3,4)=6.5824269251e-001; 
w10(4,1)=1.0022899448e+000; w1(4,1)=-9.8972482849e-001; w1(4,2)=-9.2175287001e-001; w1(4,3)=-9.6235734587e-001; w1(4,4)=-1.6738599299e-001; 
w10(5,1)=4.3790904938e-001; w1(5,1)=5.7367568416e-001; w1(5,2)=-5.6801490608e-001; w1(5,3)=4.0628484529e-001; w1(5,4)=1.2212871832e+000; 
w10(6,1)=5.2380724471e-001; w1(6,1)=3.9950941848e-001; w1(6,2)=1.3979086050e-001; w1(6,3)=-1.4002432297e+000; w1(6,4)=1.0817120419e+000; 
w10(7,1)=8.4403704861e-002; w1(7,1)=1.4135393808e+000; w1(7,2)=3.4544178096e-001; w1(7,3)=-5.8188227892e-001; w1(7,4)=7.4925354239e-001; 
w10(8,1)=-1.6902343480e+000; w1(8,1)=7.1997480436e-001; w1(8,2)=-6.8022780946e-001; w1(8,3)=-1.0513532596e-001; w1(8,4)=9.9744254052e-001; 
w20=6.6116298595e-001; w2(1)=1.6904086765e-001; w2(2)=5.6668890754e-001; w2(3)=6.6715512536e-001; w2(4)=1.3440879799e-001; w2(5)=1.9548185992e-001; w2(6)=-8.4002885703e-001; w2(7)=-2.6535383068e-001; w2(8)=5.2629990865e-001; 

