
%liczba neuronów ukrytych: 3, liczba wejœæ sieci: 4
%wejœcie 1: u(k-4)
%wejœcie 2: u(k-5)
%wejœcie 3: y(k-1)
%wejœcie 4: y(k-2)
%uczenie w trybie OE
w10(1,1)=4.8512391640e-001; w1(1,1)=-5.4327260577e-001; w1(1,2)=-7.7126075364e-001; w1(1,3)=3.0208853591e-001; w1(1,4)=-5.1142149412e-001; 
w10(2,1)=-1.6438933697e-001; w1(2,1)=5.2910526508e-002; w1(2,2)=-1.5550991815e-002; w1(2,3)=2.8112782108e-001; w1(2,4)=2.1306715410e-002; 
w10(3,1)=1.3481669582e+000; w1(3,1)=-7.5157670019e-001; w1(3,2)=-3.8088045325e-001; w1(3,3)=2.0131813500e+000; w1(3,4)=-1.2756323623e+000; 
w20=8.1690553209e-001; w2(1)=6.0786658936e-001; w2(2)=3.5055645122e+000; w2(3)=-5.9626595155e-001; 

