
%liczba neuronów ukrytych: 2, liczba wejœæ sieci: 4
%wejœcie 1: u(k-4)
%wejœcie 2: u(k-5)
%wejœcie 3: y(k-1)
%wejœcie 4: y(k-2)
%uczenie w trybie OE
w10(1,1)=1.5978440915e-001; w1(1,1)=4.9673327108e-002; w1(1,2)=-5.7427420093e-002; w1(1,3)=1.1165195717e+000; w1(1,4)=-5.3345913006e-001; 
w10(2,1)=-1.2194137804e+000; w1(2,1)=-1.7991084757e-001; w1(2,2)=1.3221284948e-001; w1(2,3)=9.3698560204e-001; w1(2,4)=-3.9336825242e-001; 
w20=1.0069803813e+000; w2(1)=1.3235551629e+000; w2(2)=1.4502015881e+000; 

