
%liczba neuronów ukrytych: 6, liczba wejœæ sieci: 4
%wejœcie 1: u(k-4)
%wejœcie 2: u(k-5)
%wejœcie 3: y(k-1)
%wejœcie 4: y(k-2)
%uczenie w trybie OE
w10(1,1)=3.8501873233e-001; w1(1,1)=3.0141432936e-001; w1(1,2)=-6.1081694400e-002; w1(1,3)=-1.7753937289e+000; w1(1,4)=1.2510740510e+000; 
w10(2,1)=-6.6278946989e-001; w1(2,1)=1.5173355403e+000; w1(2,2)=4.8991209442e-001; w1(2,3)=-9.5676354991e-001; w1(2,4)=3.5993708617e-001; 
w10(3,1)=5.4928265434e-001; w1(3,1)=-2.8413195769e-001; w1(3,2)=-3.1702888629e+000; w1(3,3)=-1.0730294655e+000; w1(3,4)=3.2209728856e-001; 
w10(4,1)=1.4756619851e-001; w1(4,1)=2.6859497271e-001; w1(4,2)=-6.7006025866e-002; w1(4,3)=-3.6329194710e-001; w1(4,4)=8.4223493583e-001; 
w10(5,1)=8.1724847707e-001; w1(5,1)=-2.8383110564e-001; w1(5,2)=-4.0402241454e+000; w1(5,3)=-7.6810399736e-001; w1(5,4)=-2.0981226446e-001; 
w10(6,1)=-2.7497291750e+000; w1(6,1)=-5.4030272906e-001; w1(6,2)=6.7043797119e-001; w1(6,3)=7.1876729842e-001; w1(6,4)=6.2860043355e-001; 
w20=5.4855570512e-001; w2(1)=-1.0070380249e+000; w2(2)=6.2666219082e-002; w2(3)=3.4274680378e-001; w2(4)=1.0973698369e+000; w2(5)=-2.0601034910e-001; w2(6)=3.3943449062e-001; 

