
%liczba neuronów ukrytych: 6, liczba wejœæ sieci: 4
%wejœcie 1: u(k-4)
%wejœcie 2: u(k-5)
%wejœcie 3: y(k-1)
%wejœcie 4: y(k-2)
%uczenie w trybie OE
w10(1,1)=-1.4606467286e+000; w1(1,1)=8.3695427046e-001; w1(1,2)=3.1041383996e-001; w1(1,3)=2.2353907800e-002; w1(1,4)=7.6937882602e-001; 
w10(2,1)=-1.3254093843e+000; w1(2,1)=7.0562306744e-003; w1(2,2)=3.1554331068e-001; w1(2,3)=8.5444587612e-001; w1(2,4)=-1.5626322216e-001; 
w10(3,1)=1.2698029763e+000; w1(3,1)=-1.3425185253e+000; w1(3,2)=2.1147565754e+000; w1(3,3)=7.6204816232e-001; w1(3,4)=5.6271619646e-001; 
w10(4,1)=7.8321160675e-001; w1(4,1)=1.6105345468e+000; w1(4,2)=4.6027369616e+000; w1(4,3)=-3.3809567692e-002; w1(4,4)=4.9664398782e-002; 
w10(5,1)=-2.4565178558e+000; w1(5,1)=-8.4496864331e-001; w1(5,2)=2.0726787326e+000; w1(5,3)=-9.5038346664e-001; w1(5,4)=9.8085500316e-001; 
w10(6,1)=-3.7070318063e-001; w1(6,1)=1.4659082971e+000; w1(6,2)=-1.9984782333e+000; w1(6,3)=-2.1346086888e-001; w1(6,4)=6.7211233777e-001; 
w20=7.5454703520e-001; w2(1)=-4.4886268846e-001; w2(2)=1.3984320603e+000; w2(3)=8.8638432367e-001; w2(4)=-9.6683341199e-002; w2(5)=3.4614614518e-001; w2(6)=8.3442565516e-001; 

