
%liczba neuronów ukrytych: 8, liczba wejœæ sieci: 4
%wejœcie 1: u(k-4)
%wejœcie 2: u(k-5)
%wejœcie 3: y(k-1)
%wejœcie 4: y(k-2)
%uczenie w trybie OE
w10(1,1)=-3.0861871403e-001; w1(1,1)=1.4379583664e+000; w1(1,2)=7.6762719768e-001; w1(1,3)=-2.6276355368e-002; w1(1,4)=3.1545737484e-001; 
w10(2,1)=1.6164891786e+000; w1(2,1)=-1.0233134996e+000; w1(2,2)=1.2722087440e-001; w1(2,3)=1.2472443661e+000; w1(2,4)=3.0117973778e-001; 
w10(3,1)=-2.0459460741e-001; w1(3,1)=-2.9673581405e-001; w1(3,2)=-7.5520134110e-003; w1(3,3)=-6.6094575344e-001; w1(3,4)=-9.9020004332e-001; 
w10(4,1)=-1.5787268132e-001; w1(4,1)=1.8250389882e+000; w1(4,2)=3.4700611113e+000; w1(4,3)=6.9952437559e-001; w1(4,4)=8.4244156804e-001; 
w10(5,1)=-5.9955058420e-001; w1(5,1)=1.2206691791e+000; w1(5,2)=4.2463756341e-001; w1(5,3)=-8.0471379463e-001; w1(5,4)=-3.3383663699e-001; 
w10(6,1)=9.5784227832e-001; w1(6,1)=-2.8150810632e-001; w1(6,2)=3.6485162256e-001; w1(6,3)=6.0922806247e-001; w1(6,4)=-1.1923118945e+000; 
w10(7,1)=-1.0014952564e+000; w1(7,1)=-4.9551472729e-001; w1(7,2)=-9.4643574601e-001; w1(7,3)=1.2659712348e-001; w1(7,4)=7.6858210228e-001; 
w10(8,1)=1.1749325903e+000; w1(8,1)=-3.1486373387e-001; w1(8,2)=9.2957511925e-002; w1(8,3)=-9.8455756244e-001; w1(8,4)=2.5763417564e-001; 
w20=1.3029737180e+000; w2(1)=-5.0670413538e-001; w2(2)=-2.9573665812e-001; w2(3)=-5.5109206083e-001; w2(4)=2.7741993228e-003; w2(5)=2.7692056390e-001; w2(6)=-6.3136703977e-001; w2(7)=1.2639739008e-001; w2(8)=-7.0546650073e-001; 

