
%liczba neuronów ukrytych: 10, liczba wejœæ sieci: 4
%wejœcie 1: u(k-4)
%wejœcie 2: u(k-5)
%wejœcie 3: y(k-1)
%wejœcie 4: y(k-2)
%uczenie w trybie OE
w10(1,1)=1.0894360055e-001; w1(1,1)=1.3043217521e-002; w1(1,2)=1.4159948169e-001; w1(1,3)=1.3208442478e-001; w1(1,4)=3.0283864432e-002; 
w10(2,1)=8.8153780261e-002; w1(2,1)=8.8294264137e-001; w1(2,2)=3.0765189032e-001; w1(2,3)=-2.6450377684e-002; w1(2,4)=-2.8597451301e-002; 
w10(3,1)=3.0583208915e-002; w1(3,1)=9.4651002058e-001; w1(3,2)=7.3385063928e-001; w1(3,3)=8.1123567997e-002; w1(3,4)=-1.5282309911e-001; 
w10(4,1)=-5.6166553535e-001; w1(4,1)=6.2893751444e-001; w1(4,2)=3.2764360412e-002; w1(4,3)=-2.4400370843e-001; w1(4,4)=3.1977895154e-001; 
w10(5,1)=-1.1563049548e+000; w1(5,1)=-5.7916207663e-001; w1(5,2)=-1.4275187449e+000; w1(5,3)=-4.3719477231e-001; w1(5,4)=1.2597772999e+000; 
w10(6,1)=1.0952817091e+000; w1(6,1)=2.4708279723e-001; w1(6,2)=1.3292408874e+000; w1(6,3)=-7.2166457075e-001; w1(6,4)=-8.8758170569e-002; 
w10(7,1)=-4.2534072335e-001; w1(7,1)=-3.5837697064e-001; w1(7,2)=-3.3860669288e-001; w1(7,3)=-1.2501076414e-001; w1(7,4)=-4.0238659467e-001; 
w10(8,1)=-1.0792226400e-001; w1(8,1)=-1.8624951829e-001; w1(8,2)=3.8136971961e-001; w1(8,3)=-3.8660225587e-001; w1(8,4)=-3.3309872366e-001; 
w10(9,1)=-7.1795499621e-002; w1(9,1)=-1.0786267011e+000; w1(9,2)=-7.1891563617e-001; w1(9,3)=2.5220283946e-001; w1(9,4)=-2.7989662469e-001; 
w10(10,1)=-2.0314147853e+000; w1(10,1)=3.2576028060e-001; w1(10,2)=-4.8737522499e-001; w1(10,3)=3.7468988373e-002; w1(10,4)=8.8626802771e-001; 
w20=3.3291320067e-001; w2(1)=3.3724024033e-001; w2(2)=-5.5614265657e-002; w2(3)=5.6658857696e-001; w2(4)=-2.4733066875e-001; w2(5)=-3.9081946663e-001; w2(6)=-6.8627800154e-001; w2(7)=-6.7740503838e-001; w2(8)=-6.8346735469e-001; w2(9)=6.6602774343e-001; w2(10)=5.9836546101e-001; 

