
%liczba neuronów ukrytych: 7, liczba wejœæ sieci: 4
%wejœcie 1: u(k-4)
%wejœcie 2: u(k-5)
%wejœcie 3: y(k-1)
%wejœcie 4: y(k-2)
%uczenie w trybie OE
w10(1,1)=5.0358212856e-002; w1(1,1)=8.3767384147e-002; w1(1,2)=-2.1736751156e-001; w1(1,3)=3.8152466640e-001; w1(1,4)=3.1512920173e-001; 
w10(2,1)=-6.2116234862e-001; w1(2,1)=3.5818671124e+000; w1(2,2)=3.4732965470e+000; w1(2,3)=8.6702715478e-001; w1(2,4)=9.6347085662e-001; 
w10(3,1)=6.0897324706e-001; w1(3,1)=1.4072987444e-001; w1(3,2)=1.2852417912e-001; w1(3,3)=-4.5183395421e-001; w1(3,4)=2.9887658741e-001; 
w10(4,1)=-7.0995856133e-001; w1(4,1)=2.0676961316e+000; w1(4,2)=1.0659327874e+000; w1(4,3)=3.1943979106e-001; w1(4,4)=-6.0780165505e-001; 
w10(5,1)=1.0999540846e+000; w1(5,1)=4.6168405767e-001; w1(5,2)=1.0066527909e+000; w1(5,3)=-1.1454533557e-001; w1(5,4)=4.8219760152e-002; 
w10(6,1)=-3.9660439261e-001; w1(6,1)=-5.8501694161e-001; w1(6,2)=-8.4615650292e-001; w1(6,3)=4.5004030119e-001; w1(6,4)=-2.6311267763e-001; 
w10(7,1)=-1.5952030017e-001; w1(7,1)=-3.0374762343e-001; w1(7,2)=-1.5270729677e-001; w1(7,3)=6.5892650555e-001; w1(7,4)=-7.2472273292e-001; 
w20=2.2317629042e+000; w2(1)=3.3297994163e-001; w2(2)=-6.3816814882e-002; w2(3)=-5.1302605828e+000; w2(4)=1.3107659568e-001; w2(5)=5.3254432622e-001; w2(6)=3.2199388911e-001; w2(7)=-1.7625140180e+000; 

