
%liczba neuronów ukrytych: 6, liczba wejœæ sieci: 4
%wejœcie 1: u(k-4)
%wejœcie 2: u(k-5)
%wejœcie 3: y(k-1)
%wejœcie 4: y(k-2)
%uczenie w trybie OE
w10(1,1)=1.0816633932e+000; w1(1,1)=6.1743560511e-001; w1(1,2)=-2.3652124234e-002; w1(1,3)=-5.0443011618e-001; w1(1,4)=-2.0967598476e-002; 
w10(2,1)=1.7275673270e+000; w1(2,1)=-9.5218668014e-001; w1(2,2)=-3.6151658637e-001; w1(2,3)=2.3835746638e+000; w1(2,4)=-1.3506824022e+000; 
w10(3,1)=-5.2557094906e-001; w1(3,1)=3.6683808783e-001; w1(3,2)=8.8220448171e-002; w1(3,3)=4.1094964386e-002; w1(3,4)=5.4462818151e-001; 
w10(4,1)=-1.4962527148e+000; w1(4,1)=-7.4079028166e-001; w1(4,2)=-1.3304592030e+000; w1(4,3)=-1.3646082622e+000; w1(4,4)=-1.5968715402e+000; 
w10(5,1)=-3.9451361688e-002; w1(5,1)=1.0520310830e+000; w1(5,2)=-2.8835577456e+000; w1(5,3)=4.8711741313e-001; w1(5,4)=-5.5363593884e-001; 
w10(6,1)=9.0598248505e-001; w1(6,1)=2.9587892432e+000; w1(6,2)=4.5324187253e+000; w1(6,3)=3.5148640747e-002; w1(6,4)=-7.6605044359e-001; 
w20=7.5580365265e-001; w2(1)=-8.0496204907e-001; w2(2)=1.5930425359e-001; w2(3)=9.0436464190e-001; w2(4)=-2.6612745138e-001; w2(5)=2.9245794643e-001; w2(6)=-8.6278503093e-002; 

