
%liczba neuronów ukrytych: 3, liczba wejœæ sieci: 4
%wejœcie 1: u(k-4)
%wejœcie 2: u(k-5)
%wejœcie 3: y(k-1)
%wejœcie 4: y(k-2)
%uczenie w trybie OE
w10(1,1)=-1.4669266401e+000; w1(1,1)=1.6233211977e+000; w1(1,2)=1.5617249227e+000; w1(1,3)=-7.5778899092e-001; w1(1,4)=-2.2038501343e-001; 
w10(2,1)=-6.2428476045e-001; w1(2,1)=-3.9618715198e-001; w1(2,2)=3.5845017049e+000; w1(2,3)=1.6266012829e+000; w1(2,4)=-9.4392907570e-001; 
w10(3,1)=3.2761770534e-001; w1(3,1)=9.0474948832e-002; w1(3,2)=-9.5920819103e-002; w1(3,3)=-2.9857736660e-001; w1(3,4)=-1.0700678686e-001; 
w20=8.7242056936e-001; w2(1)=3.0975945056e-001; w2(2)=-4.0929703631e-001; w2(3)=-2.5973495440e+000; 

