
%liczba neuronów ukrytych: 7, liczba wejœæ sieci: 4
%wejœcie 1: u(k-4)
%wejœcie 2: u(k-5)
%wejœcie 3: y(k-1)
%wejœcie 4: y(k-2)
%uczenie w trybie ARX
w10(1,1)=6.9379766710e-001; w1(1,1)=-2.4000251887e-001; w1(1,2)=8.0357177881e-002; w1(1,3)=1.3841359351e-001; w1(1,4)=9.9700135193e-001; 
w10(2,1)=1.0132643744e+000; w1(2,1)=-3.3075444191e-001; w1(2,2)=-3.1392240381e-001; w1(2,3)=1.0520840420e+000; w1(2,4)=4.8148156322e-001; 
w10(3,1)=2.3845222140e-002; w1(3,1)=-3.1112132787e-001; w1(3,2)=-1.1249500128e-001; w1(3,3)=3.4690388272e-001; w1(3,4)=-7.6678535721e-001; 
w10(4,1)=-2.9864551453e-001; w1(4,1)=-1.5722662753e-001; w1(4,2)=-4.1817735598e-001; w1(4,3)=1.2818614876e+000; w1(4,4)=-1.0440721584e+000; 
w10(5,1)=9.6130369320e-001; w1(5,1)=-1.3105135770e-001; w1(5,2)=7.5865282267e-002; w1(5,3)=-8.5495345212e-001; w1(5,4)=-5.1025646841e-001; 
w10(6,1)=1.0692599426e+000; w1(6,1)=2.4751259932e-001; w1(6,2)=7.3253872044e-001; w1(6,3)=4.7208650469e-001; w1(6,4)=3.9268341135e-001; 
w10(7,1)=-1.4291457660e+000; w1(7,1)=-1.4043142653e-001; w1(7,2)=3.0223175330e-001; w1(7,3)=3.9950906547e-001; w1(7,4)=2.9774019860e-001; 
w20=6.5279526107e-001; w2(1)=4.4166268963e-001; w2(2)=-1.4549733269e-001; w2(3)=-4.2943619315e-001; w2(4)=9.8705436324e-001; w2(5)=-1.0506518555e-001; w2(6)=4.0438289321e-001; w2(7)=8.4189904829e-001; 

