
%liczba neuronów ukrytych: 7, liczba wejœæ sieci: 4
%wejœcie 1: u(k-4)
%wejœcie 2: u(k-5)
%wejœcie 3: y(k-1)
%wejœcie 4: y(k-2)
%uczenie w trybie ARX
w10(1,1)=9.9232357555e-001; w1(1,1)=-1.6314801477e-001; w1(1,2)=-6.9459094929e-002; w1(1,3)=-2.1359746536e-001; w1(1,4)=-2.9729019232e-001; 
w10(2,1)=-6.0929353049e-001; w1(2,1)=-5.5412965486e-001; w1(2,2)=-5.7573867213e-001; w1(2,3)=1.0573516678e-001; w1(2,4)=-7.0320630971e-001; 
w10(3,1)=3.2144916414e-001; w1(3,1)=6.9801698060e-001; w1(3,2)=4.4454204557e-001; w1(3,3)=-5.2576805059e-001; w1(3,4)=4.4429865343e-001; 
w10(4,1)=-9.5553160435e-001; w1(4,1)=-1.9773471781e-001; w1(4,2)=2.3037839411e-001; w1(4,3)=2.9304740318e-001; w1(4,4)=3.9455666260e-002; 
w10(5,1)=-1.8807063064e-001; w1(5,1)=-1.0884923184e-001; w1(5,2)=5.2257432333e-002; w1(5,3)=-5.4344650400e-001; w1(5,4)=-5.3286878027e-001; 
w10(6,1)=1.9852803307e+000; w1(6,1)=5.6146769198e-001; w1(6,2)=3.0852844878e-001; w1(6,3)=1.1063613573e+000; w1(6,4)=6.0437331631e-001; 
w10(7,1)=6.0375137111e-001; w1(7,1)=-1.1850805670e-001; w1(7,2)=4.2324142676e-001; w1(7,3)=-1.1964938886e+000; w1(7,4)=7.3491911488e-001; 
w20=9.0294254292e-001; w2(1)=-7.5447128264e-001; w2(2)=-3.2712395171e-001; w2(3)=-4.3041490547e-001; w2(4)=5.9357797401e-001; w2(5)=-2.4057703774e-001; w2(6)=3.8280297559e-001; w2(7)=-6.4114356537e-001; 

