
%liczba neuronów ukrytych: 7, liczba wejœæ sieci: 4
%wejœcie 1: u(k-4)
%wejœcie 2: u(k-5)
%wejœcie 3: y(k-1)
%wejœcie 4: y(k-2)
%uczenie w trybie ARX
w10(1,1)=-6.7972690582e-001; w1(1,1)=7.3684942669e-002; w1(1,2)=-1.1983922496e-001; w1(1,3)=-5.7094564862e-001; w1(1,4)=-8.0629716163e-001; 
w10(2,1)=8.5930228794e-001; w1(2,1)=2.6432262218e-001; w1(2,2)=6.0944010792e-001; w1(2,3)=1.0940790022e-001; w1(2,4)=6.4992933166e-001; 
w10(3,1)=-1.6941391967e+000; w1(3,1)=-1.1145790254e-001; w1(3,2)=6.5113434828e-002; w1(3,3)=4.4753082279e-001; w1(3,4)=1.1427801601e-001; 
w10(4,1)=-3.8610671592e-001; w1(4,1)=-4.3588938839e-001; w1(4,2)=-3.6434841246e-001; w1(4,3)=-1.1258045166e+000; w1(4,4)=-5.1196770747e-001; 
w10(5,1)=1.1647797136e+000; w1(5,1)=4.6698212681e-002; w1(5,2)=-2.2187461420e-001; w1(5,3)=-6.9280955178e-001; w1(5,4)=1.1252247949e-001; 
w10(6,1)=2.2089222988e-001; w1(6,1)=-1.5688783427e-001; w1(6,2)=1.4321120910e-001; w1(6,3)=-8.8638218210e-001; w1(6,4)=2.8085384313e-001; 
w10(7,1)=-5.2491878145e-001; w1(7,1)=-4.3076384597e-001; w1(7,2)=-8.6194061104e-001; w1(7,3)=9.6476144560e-001; w1(7,4)=-6.6938793216e-001; 
w20=9.2614147493e-001; w2(1)=-3.1776044315e-001; w2(2)=6.4300934202e-001; w2(3)=8.5565390257e-001; w2(4)=1.8908585067e-001; w2(5)=-4.0899874911e-001; w2(6)=-7.1832533545e-001; w2(7)=4.1402665293e-001; 

