
%liczba neuronów ukrytych: 7, liczba wejœæ sieci: 4
%wejœcie 1: u(k-4)
%wejœcie 2: u(k-5)
%wejœcie 3: y(k-1)
%wejœcie 4: y(k-2)
%uczenie w trybie ARX
w10(1,1)=5.3360094574e-001; w1(1,1)=4.1696675064e-001; w1(1,2)=5.9433580294e-001; w1(1,3)=-1.2681774181e+000; w1(1,4)=9.3713570082e-001; 
w10(2,1)=1.4411715253e+000; w1(2,1)=1.4632883389e-001; w1(2,2)=-9.9888213158e-002; w1(2,3)=4.3819116172e-001; w1(2,4)=1.5660937454e-001; 
w10(3,1)=9.5070142163e-001; w1(3,1)=-1.9806209732e-001; w1(3,2)=8.0843805342e-002; w1(3,3)=-1.4607206886e+000; w1(3,4)=3.9423273992e-001; 
w10(4,1)=2.1970662436e+000; w1(4,1)=1.1228192171e-001; w1(4,2)=-1.1360711232e-001; w1(4,3)=-7.6230068385e-001; w1(4,4)=-1.7843504128e-001; 
w10(5,1)=-1.0761776442e-001; w1(5,1)=-2.3992517690e-001; w1(5,2)=-1.9506978642e-001; w1(5,3)=9.3570023642e-001; w1(5,4)=6.7048787784e-001; 
w10(6,1)=-1.2458649705e+000; w1(6,1)=9.6912044401e-002; w1(6,2)=4.7243472794e-002; w1(6,3)=-9.2717620380e-001; w1(6,4)=-1.4837637915e+000; 
w10(7,1)=-1.0774650393e+000; w1(7,1)=-3.4164106616e-001; w1(7,2)=-3.4886899725e-001; w1(7,3)=-1.4455384958e-001; w1(7,4)=-3.4831931140e-001; 
w20=7.7352197211e-001; w2(1)=-4.8047262421e-001; w2(2)=-5.0096530163e-001; w2(3)=-4.5350142283e-001; w2(4)=-6.8562335371e-001; w2(5)=1.9378679228e-001; w2(6)=-1.9163006246e-001; w2(7)=-9.7455050772e-001; 

