
%liczba neuronów ukrytych: 7, liczba wejœæ sieci: 4
%wejœcie 1: u(k-4)
%wejœcie 2: u(k-5)
%wejœcie 3: y(k-1)
%wejœcie 4: y(k-2)
%uczenie w trybie ARX
w10(1,1)=1.0627880833e+000; w1(1,1)=-5.4561157652e-001; w1(1,2)=4.5974354787e-002; w1(1,3)=-8.3953193396e-001; w1(1,4)=-1.5630375749e-001; 
w10(2,1)=5.9506051175e-001; w1(2,1)=5.0837425358e-001; w1(2,2)=8.8121182443e-001; w1(2,3)=-1.0594497519e+000; w1(2,4)=7.8623471071e-001; 
w10(3,1)=-1.1413006844e+000; w1(3,1)=-5.4062666302e-001; w1(3,2)=-8.9507214811e-001; w1(3,3)=-6.4037012631e-001; w1(3,4)=-1.8555386962e-001; 
w10(4,1)=2.2132060716e-001; w1(4,1)=-7.4636404365e-002; w1(4,2)=2.5641044571e-001; w1(4,3)=-1.2157645188e+000; w1(4,4)=6.0693829252e-001; 
w10(5,1)=-1.9439042048e+000; w1(5,1)=-9.9468426208e-002; w1(5,2)=1.0484126612e-001; w1(5,3)=7.1140962023e-001; w1(5,4)=3.1397880559e-002; 
w10(6,1)=1.0065001445e+000; w1(6,1)=2.4889086777e-001; w1(6,2)=-2.0009858829e-002; w1(6,3)=6.7450524737e-001; w1(6,4)=1.0069122165e+000; 
w10(7,1)=4.8205566931e-001; w1(7,1)=-1.7446401069e-001; w1(7,2)=2.3681731692e-001; w1(7,3)=-3.7727678808e-001; w1(7,4)=8.2047858946e-001; 
w20=6.3514005931e-001; w2(1)=-1.8647498747e-001; w2(2)=-3.4749231512e-001; w2(3)=-3.3170735626e-001; w2(4)=-6.0677969792e-001; w2(5)=8.1892347399e-001; w2(6)=1.2828538603e-001; w2(7)=5.5203037227e-001; 

