
%liczba neuronów ukrytych: 1, liczba wejœæ sieci: 4
%wejœcie 1: u(k-4)
%wejœcie 2: u(k-5)
%wejœcie 3: y(k-1)
%wejœcie 4: y(k-2)
%uczenie w trybie ARX
w10(1,1)=3.3903646182e-001; w1(1,1)=3.2131666886e-002; w1(1,2)=5.9687491382e-003; w1(1,3)=-4.2206453317e-001; w1(1,4)=1.2743427594e-001; 
w20=1.1081153978e+000; w2(1)=-3.4071865657e+000; 

