
%liczba neuronów ukrytych: 7, liczba wejœæ sieci: 4
%wejœcie 1: u(k-4)
%wejœcie 2: u(k-5)
%wejœcie 3: y(k-1)
%wejœcie 4: y(k-2)
%uczenie w trybie ARX
w10(1,1)=-4.6198703823e-001; w1(1,1)=-3.5029875010e-001; w1(1,2)=-3.4199979359e-001; w1(1,3)=-2.2730766724e-003; w1(1,4)=-3.0706465060e-001; 
w10(2,1)=3.1820463853e-001; w1(2,1)=6.9097494306e-001; w1(2,2)=5.8780683327e-001; w1(2,3)=2.5070441985e-001; w1(2,4)=-9.7260211362e-001; 
w10(3,1)=1.9609413689e-001; w1(3,1)=6.6344282038e-001; w1(3,2)=6.7813363857e-001; w1(3,3)=-7.2342695999e-001; w1(3,4)=5.7175264093e-001; 
w10(4,1)=-1.0237351981e+000; w1(4,1)=5.8692840374e-001; w1(4,2)=6.1197512936e-001; w1(4,3)=-1.0922788685e+000; w1(4,4)=-7.5028153135e-001; 
w10(5,1)=7.6064771786e-001; w1(5,1)=-3.5319352731e-001; w1(5,2)=8.2915842497e-002; w1(5,3)=1.2669601768e+000; w1(5,4)=1.0523933415e+000; 
w10(6,1)=3.5274572645e-001; w1(6,1)=1.4220051502e-001; w1(6,2)=3.5484818020e-001; w1(6,3)=-6.6601109117e-001; w1(6,4)=-2.4651654314e-001; 
w10(7,1)=-1.0375293419e+000; w1(7,1)=-4.1205423860e-002; w1(7,2)=-2.6542124773e-002; w1(7,3)=5.1262090742e-001; w1(7,4)=-3.0077229963e-002; 
w20=1.1664227150e+000; w2(1)=-4.2618664672e-001; w2(2)=4.3193305647e-001; w2(3)=-4.7991956335e-001; w2(4)=1.5547681868e-001; w2(5)=2.2844205557e-001; w2(6)=-6.9613195381e-001; w2(7)=1.5186459277e+000; 

