
%liczba neuronów ukrytych: 7, liczba wejœæ sieci: 4
%wejœcie 1: u(k-4)
%wejœcie 2: u(k-5)
%wejœcie 3: y(k-1)
%wejœcie 4: y(k-2)
%uczenie w trybie ARX
w10(1,1)=8.2151204614e-001; w1(1,1)=-4.1582628329e-001; w1(1,2)=6.6875987394e-002; w1(1,3)=-8.1901455582e-001; w1(1,4)=-5.5265796193e-001; 
w10(2,1)=-1.7792529126e+000; w1(2,1)=-1.7384267023e-001; w1(2,2)=-2.3889054849e-002; w1(2,3)=1.2479649169e-001; w1(2,4)=1.1554133689e-001; 
w10(3,1)=-4.1753378683e-001; w1(3,1)=-1.9346009766e-001; w1(3,2)=-4.6164109066e-001; w1(3,3)=1.2341911639e+000; w1(3,4)=-9.3203332408e-001; 
w10(4,1)=3.3125537685e-001; w1(4,1)=-1.5298275862e-001; w1(4,2)=-7.5806199568e-002; w1(4,3)=-1.6305837625e+000; w1(4,4)=-1.5510639063e+000; 
w10(5,1)=-1.2055020389e+000; w1(5,1)=7.0118086786e-003; w1(5,2)=-3.7017623386e-001; w1(5,3)=-7.5298414877e-001; w1(5,4)=-1.0403087521e+000; 
w10(6,1)=1.3171418409e+000; w1(6,1)=4.8670233298e-002; w1(6,2)=-2.2257777315e-001; w1(6,3)=-4.0788106089e-001; w1(6,4)=-1.9554419925e-001; 
w10(7,1)=1.0869182987e+000; w1(7,1)=3.5104206709e-001; w1(7,2)=3.7978685442e-001; w1(7,3)=-2.6464728922e-001; w1(7,4)=6.7574944622e-001; 
w20=1.0568474689e+000; w2(1)=-1.9692892151e-001; w2(2)=5.3970009882e-001; w2(3)=8.5395491169e-001; w2(4)=-3.2567478976e-002; w2(5)=-3.5825060760e-001; w2(6)=-1.0465968517e+000; w2(7)=6.7936035404e-001; 

