
%liczba neuronów ukrytych: 1, liczba wejœæ sieci: 4
%wejœcie 1: u(k-4)
%wejœcie 2: u(k-5)
%wejœcie 3: y(k-1)
%wejœcie 4: y(k-2)
%uczenie w trybie ARX
w10(1,1)=3.3903644626e-001; w1(1,1)=3.2131698730e-002; w1(1,2)=5.9687162309e-003; w1(1,3)=-4.2206453513e-001; w1(1,4)=1.2743428619e-001; 
w20=1.1081153808e+000; w2(1)=-3.4071866473e+000; 

