
%liczba neuronów ukrytych: 7, liczba wejœæ sieci: 4
%wejœcie 1: u(k-4)
%wejœcie 2: u(k-5)
%wejœcie 3: y(k-1)
%wejœcie 4: y(k-2)
%uczenie w trybie ARX
w10(1,1)=-4.2415255796e-001; w1(1,1)=1.4524851315e-001; w1(1,2)=5.1383145786e-002; w1(1,3)=-4.1227451168e-001; w1(1,4)=-6.4373150230e-001; 
w10(2,1)=7.6830897676e-001; w1(2,1)=-3.6649860842e-001; w1(2,2)=8.5821724342e-002; w1(2,3)=-4.2610414108e-001; w1(2,4)=-9.2020694077e-002; 
w10(3,1)=1.3090412473e+000; w1(3,1)=7.1279489437e-002; w1(3,2)=-4.2427720335e-001; w1(3,3)=-4.8698151897e-001; w1(3,4)=-2.7168327390e-002; 
w10(4,1)=5.4914535864e-001; w1(4,1)=1.9120109203e-001; w1(4,2)=6.3417221879e-002; w1(4,3)=2.2479120848e-001; w1(4,4)=-1.9100256571e-001; 
w10(5,1)=-3.7563753422e-001; w1(5,1)=-2.6589664950e-001; w1(5,2)=-4.3880492775e-001; w1(5,3)=1.2702910801e+000; w1(5,4)=-9.8536367398e-001; 
w10(6,1)=-9.8283661741e-001; w1(6,1)=-1.1091689268e-002; w1(6,2)=5.7397905989e-002; w1(6,3)=1.6015881375e-001; w1(6,4)=9.0670693808e-002; 
w10(7,1)=-8.3981696864e-001; w1(7,1)=-3.4078518935e-001; w1(7,2)=-2.9975489986e-001; w1(7,3)=-1.5741996856e-001; w1(7,4)=-3.8495632219e-001; 
w20=1.4280050923e+000; w2(1)=-1.0309396018e-001; w2(2)=-5.1821501615e-001; w2(3)=-5.4948926732e-001; w2(4)=-1.0689776528e+000; w2(5)=8.4157714288e-001; w2(6)=8.5736167673e-001; w2(7)=-1.2021373207e+000; 

