
%liczba neuronów ukrytych: 7, liczba wejœæ sieci: 4
%wejœcie 1: u(k-4)
%wejœcie 2: u(k-5)
%wejœcie 3: y(k-1)
%wejœcie 4: y(k-2)
%uczenie w trybie ARX
w10(1,1)=3.0721302053e-001; w1(1,1)=5.6589627963e-001; w1(1,2)=5.2147927804e-001; w1(1,3)=-1.3733171260e+000; w1(1,4)=1.0349443788e+000; 
w10(2,1)=1.6610681022e+000; w1(2,1)=7.9753434778e-002; w1(2,2)=3.6684385894e-003; w1(2,3)=-2.1511117049e-001; w1(2,4)=-4.3069996067e-002; 
w10(3,1)=2.4059799347e+000; w1(3,1)=-2.4969016983e-002; w1(3,2)=-3.9769065047e-002; w1(3,3)=-6.0908931512e-001; w1(3,4)=-4.4235167177e-001; 
w10(4,1)=1.3236501040e+000; w1(4,1)=6.6677346268e-002; w1(4,2)=-1.0988095254e-001; w1(4,3)=-6.5531573781e-001; w1(4,4)=1.8732704707e-001; 
w10(5,1)=-3.7722246325e-001; w1(5,1)=2.1611320820e-002; w1(5,2)=-1.4362133560e-001; w1(5,3)=1.3375481430e-001; w1(5,4)=4.7354321346e-001; 
w10(6,1)=-3.6848664920e-001; w1(6,1)=-3.3276913687e-001; w1(6,2)=-3.0345053249e-001; w1(6,3)=-5.0075855560e-001; w1(6,4)=1.1036457066e+000; 
w10(7,1)=-1.0899472805e+000; w1(7,1)=-1.9377536017e-001; w1(7,2)=-4.9340980700e-001; w1(7,3)=-7.3450447256e-001; w1(7,4)=-5.4614567818e-001; 
w20=1.7074135137e+000; w2(1)=-4.6724665208e-001; w2(2)=-7.4458484316e-001; w2(3)=-9.5196170992e-002; w2(4)=-9.9704685827e-001; w2(5)=1.2963656393e+000; w2(6)=-5.1241484205e-001; w2(7)=-4.6617844539e-001; 

