
%liczba neuronów ukrytych: 7, liczba wejœæ sieci: 4
%wejœcie 1: u(k-4)
%wejœcie 2: u(k-5)
%wejœcie 3: y(k-1)
%wejœcie 4: y(k-2)
%uczenie w trybie ARX
w10(1,1)=-2.8879805151e-001; w1(1,1)=-1.5315930139e-001; w1(1,2)=-1.3227352164e-001; w1(1,3)=-9.1306839109e-001; w1(1,4)=-5.0682472687e-001; 
w10(2,1)=5.6320612876e-001; w1(2,1)=4.2372485166e-001; w1(2,2)=1.0553543368e+000; w1(2,3)=-1.0293740273e+000; w1(2,4)=6.7538607157e-001; 
w10(3,1)=-1.4001501249e+000; w1(3,1)=5.1342063516e-001; w1(3,2)=3.0404132631e-001; w1(3,3)=-3.1049892405e-001; w1(3,4)=-5.7358767828e-001; 
w10(4,1)=6.2062121020e-001; w1(4,1)=-5.2424957386e-001; w1(4,2)=-5.8983242162e-001; w1(4,3)=-2.6559277695e-001; w1(4,4)=-1.2619394389e-001; 
w10(5,1)=1.9152628294e+000; w1(5,1)=4.8577255666e-002; w1(5,2)=-2.0972835748e-001; w1(5,3)=-9.9678834519e-001; w1(5,4)=1.6703097170e-001; 
w10(6,1)=1.2245193803e+000; w1(6,1)=5.0166863576e-002; w1(6,2)=4.7072572329e-001; w1(6,3)=4.0727171327e-001; w1(6,4)=8.3281479223e-001; 
w10(7,1)=-4.5810354862e-001; w1(7,1)=2.1125980733e-001; w1(7,2)=2.9619835270e-002; w1(7,3)=8.1196119056e-001; w1(7,4)=-4.1237975213e-002; 
w20=5.3565360730e-001; w2(1)=-9.1282247785e-003; w2(2)=-3.0911532591e-001; w2(3)=-2.6495978691e-003; w2(4)=2.3422096162e-001; w2(5)=-8.5950420185e-001; w2(6)=8.0123464019e-001; w2(7)=8.4379197995e-001; 

