
%liczba neuronów ukrytych: 10, liczba wejœæ sieci: 4
%wejœcie 1: u(k-4)
%wejœcie 2: u(k-5)
%wejœcie 3: y(k-1)
%wejœcie 4: y(k-2)
%uczenie w trybie OE
w10(1,1)=-3.0685922977e-001; w1(1,1)=3.7214367410e-001; w1(1,2)=3.0864219203e-001; w1(1,3)=2.6434632567e-001; w1(1,4)=-2.6449411514e-002; 
w10(2,1)=1.0618259742e+000; w1(2,1)=1.1363426292e+000; w1(2,2)=9.1558118717e-001; w1(2,3)=-5.4104568681e-002; w1(2,4)=4.6812638149e-001; 
w10(3,1)=-2.0131442143e+000; w1(3,1)=-1.0673693182e+000; w1(3,2)=-1.6429528462e+000; w1(3,3)=2.0510338794e-002; w1(3,4)=2.2840607114e-001; 
w10(4,1)=3.3933194713e-001; w1(4,1)=-3.0629176126e-001; w1(4,2)=-4.5153825605e-001; w1(4,3)=-4.8181240819e-002; w1(4,4)=1.6821702197e-001; 
w10(5,1)=-4.3040718469e-001; w1(5,1)=3.6024327721e-001; w1(5,2)=-2.9066542618e-001; w1(5,3)=1.6048952176e-001; w1(5,4)=2.9455579786e-001; 
w10(6,1)=5.3794085747e-001; w1(6,1)=6.3322028030e-001; w1(6,2)=6.1463863166e-001; w1(6,3)=-7.5106321124e-001; w1(6,4)=4.5692709772e-001; 
w10(7,1)=9.3005744700e-001; w1(7,1)=-2.3206778488e-002; w1(7,2)=-6.0700254714e-004; w1(7,3)=-4.1529982876e-001; w1(7,4)=-6.9997810040e-002; 
w10(8,1)=4.5256313060e-001; w1(8,1)=5.1937285991e-001; w1(8,2)=6.2280942582e-001; w1(8,3)=1.1513130803e-001; w1(8,4)=4.5743835481e-002; 
w10(9,1)=-5.1020236162e-001; w1(9,1)=1.7237458839e-001; w1(9,2)=-2.6022766519e-001; w1(9,3)=-5.6207361463e-001; w1(9,4)=-3.9785702215e-001; 
w10(10,1)=-6.3408093289e-001; w1(10,1)=6.3859864732e-002; w1(10,2)=2.8956033278e-001; w1(10,3)=4.6156159489e-001; w1(10,4)=2.5979261356e-001; 
w20=1.1534523683e+000; w2(1)=-1.0492193124e+000; w2(2)=2.8135555728e-001; w2(3)=-9.2402614418e-002; w2(4)=-1.1579448637e+000; w2(5)=1.3852274899e+000; w2(6)=-6.5752653976e-001; w2(7)=-1.3206092226e+000; w2(8)=-1.2224757399e-001; w2(9)=-5.8751384174e-001; w2(10)=-4.0681425122e-001; 

