
%liczba neuronów ukrytych: 10, liczba wejœæ sieci: 4
%wejœcie 1: u(k-4)
%wejœcie 2: u(k-5)
%wejœcie 3: y(k-1)
%wejœcie 4: y(k-2)
%uczenie w trybie OE
w10(1,1)=3.1258663092e-001; w1(1,1)=4.4330043115e-001; w1(1,2)=-3.4242858553e-001; w1(1,3)=7.3074481222e-001; w1(1,4)=4.1052770981e-001; 
w10(2,1)=-1.5475963085e+000; w1(2,1)=-1.1497872897e-001; w1(2,2)=1.9422511548e-001; w1(2,3)=-1.9061295969e-002; w1(2,4)=5.9896002453e-001; 
w10(3,1)=1.1124388026e+000; w1(3,1)=1.0349499084e+000; w1(3,2)=2.0306052665e+000; w1(3,3)=-4.0434863096e-001; w1(3,4)=5.9349974969e-001; 
w10(4,1)=5.6010233296e-003; w1(4,1)=8.7234106445e-001; w1(4,2)=2.1508706842e+000; w1(4,3)=6.7480367154e-001; w1(4,4)=-5.8178603115e-001; 
w10(5,1)=-3.0861839416e-001; w1(5,1)=-1.4656200553e+000; w1(5,2)=-8.7778866528e-001; w1(5,3)=1.2310307322e+000; w1(5,4)=3.5317157279e-001; 
w10(6,1)=6.9076470496e-001; w1(6,1)=1.4991963937e-001; w1(6,2)=-5.0749146322e-002; w1(6,3)=-9.5371276841e-001; w1(6,4)=4.8976910734e-001; 
w10(7,1)=-1.3046023522e+000; w1(7,1)=3.8166784474e-001; w1(7,2)=1.0092290300e+000; w1(7,3)=-2.8062967289e-002; w1(7,4)=7.8053077224e-001; 
w10(8,1)=5.5373311514e-001; w1(8,1)=-4.1351350231e-001; w1(8,2)=-1.2178397545e+000; w1(8,3)=-3.7285135679e-001; w1(8,4)=1.4198539094e+000; 
w10(9,1)=-6.3794292822e-001; w1(9,1)=1.1721747679e-001; w1(9,2)=2.6975024305e-001; w1(9,3)=3.5678015397e-001; w1(9,4)=9.8232357466e-002; 
w10(10,1)=-1.3804321077e-001; w1(10,1)=1.8296525674e+000; w1(10,2)=8.1038189440e-001; w1(10,3)=-7.2867466539e-001; w1(10,4)=-1.5309093803e-001; 
w20=1.2880412234e+000; w2(1)=4.3682483998e-001; w2(2)=5.3207394855e-001; w2(3)=-1.2548850012e-003; w2(4)=-1.6380101635e-001; w2(5)=3.1627453964e-002; w2(6)=-1.3075620489e+000; w2(7)=-1.3680943453e-001; w2(8)=-4.3596150651e-002; w2(9)=3.9888571354e-001; w2(10)=9.0378204425e-002; 

