
%liczba neuronów ukrytych: 7, liczba wejœæ sieci: 4
%wejœcie 1: u(k-4)
%wejœcie 2: u(k-5)
%wejœcie 3: y(k-1)
%wejœcie 4: y(k-2)
%uczenie w trybie OE
w10(1,1)=2.3765042659e-001; w1(1,1)=4.4700691920e-002; w1(1,2)=7.7762951628e-002; w1(1,3)=-1.0978473031e-001; w1(1,4)=-2.5042516299e-001; 
w10(2,1)=-8.6280649988e-003; w1(2,1)=5.4247194875e-002; w1(2,2)=7.0264434586e-004; w1(2,3)=-1.3031625593e-001; w1(2,4)=-7.2747843704e-002; 
w10(3,1)=6.2222299000e-003; w1(3,1)=-6.6924112595e-002; w1(3,2)=-1.4415895667e-001; w1(3,3)=-6.1960323515e-002; w1(3,4)=-1.6684772397e-001; 
w10(4,1)=9.2255246728e-003; w1(4,1)=-8.4934957288e-002; w1(4,2)=-1.7526758764e-001; w1(4,3)=-9.8316663643e-002; w1(4,4)=-2.2106963723e-001; 
w10(5,1)=-3.9776459010e-001; w1(5,1)=-2.4810217611e-001; w1(5,2)=-4.0263186271e-001; w1(5,3)=9.9786134661e-002; w1(5,4)=2.2946522387e-001; 
w10(6,1)=2.7355823587e-002; w1(6,1)=-2.4724364864e-001; w1(6,2)=-1.4458439220e-001; w1(6,3)=-1.5110593963e-001; w1(6,4)=-1.8258305659e-001; 
w10(7,1)=7.9723478852e-001; w1(7,1)=5.3197879348e-001; w1(7,2)=5.6697758396e-001; w1(7,3)=-1.3647788501e-001; w1(7,4)=-2.8819574901e-001; 
w20=6.8864791662e-001; w2(1)=-4.8111711331e-001; w2(2)=-2.1028361877e-001; w2(3)=-2.4042230847e-001; w2(4)=-3.9610670171e-001; w2(5)=3.7973798682e-001; w2(6)=-3.7190641354e-001; w2(7)=-6.8214861044e-001; 

