
%liczba neuronów ukrytych: 1, liczba wejœæ sieci: 4
%wejœcie 1: u(k-4)
%wejœcie 2: u(k-5)
%wejœcie 3: y(k-1)
%wejœcie 4: y(k-2)
%uczenie w trybie OE
w10(1,1)=7.9702088147e-001; w1(1,1)=3.1027379788e-001; w1(1,2)=5.1818707904e-001; w1(1,3)=1.5019963071e-002; w1(1,4)=-6.8031593516e-001; 
w20=9.5777873296e-001; w2(1)=-1.4886568090e+000; 

