
%liczba neuronów ukrytych: 1, liczba wejœæ sieci: 4
%wejœcie 1: u(k-4)
%wejœcie 2: u(k-5)
%wejœcie 3: y(k-1)
%wejœcie 4: y(k-2)
%uczenie w trybie OE
w10(1,1)=9.8920846696e-001; w1(1,1)=8.1070672629e-001; w1(1,2)=1.4452139188e+000; w1(1,3)=1.8415127671e-001; w1(1,4)=-6.3814132236e-001; 
w20=9.7159221422e-001; w2(1)=-1.3379832858e+000; 

