
%liczba neuronów ukrytych: 7, liczba wejœæ sieci: 4
%wejœcie 1: u(k-4)
%wejœcie 2: u(k-5)
%wejœcie 3: y(k-1)
%wejœcie 4: y(k-2)
%uczenie w trybie OE
w10(1,1)=-2.6760978387e-002; w1(1,1)=1.6204676214e-001; w1(1,2)=7.5931314695e-002; w1(1,3)=-7.3967223693e-002; w1(1,4)=-1.5897408609e-001; 
w10(2,1)=-6.3942576855e-002; w1(2,1)=2.4875864395e-001; w1(2,2)=1.1895152136e-001; w1(2,3)=1.1064799814e-001; w1(2,4)=4.4182088554e-001; 
w10(3,1)=-1.1049715346e-002; w1(3,1)=6.1792496260e-002; w1(3,2)=6.8628821096e-002; w1(3,3)=6.0149845634e-002; w1(3,4)=1.5838266918e-001; 
w10(4,1)=-2.8399149924e-001; w1(4,1)=-3.2198123383e-001; w1(4,2)=-4.2574399794e-001; w1(4,3)=1.6256574247e-001; w1(4,4)=1.6331090475e-001; 
w10(5,1)=9.4231874308e-001; w1(5,1)=3.2090218130e-001; w1(5,2)=5.5532662816e-001; w1(5,3)=-1.3356686690e-001; w1(5,4)=-3.8885187591e-001; 
w10(6,1)=-2.0743980416e-001; w1(6,1)=-2.8725138448e-001; w1(6,2)=-2.4580701185e-001; w1(6,3)=4.3820810846e-002; w1(6,4)=2.8630747671e-001; 
w10(7,1)=-9.6293614359e-002; w1(7,1)=1.7321054616e-001; w1(7,2)=1.0480926649e-001; w1(7,3)=1.0356051074e-001; w1(7,4)=-4.6830972701e-002; 
w20=7.2671472648e-001; w2(1)=-1.0684174721e-001; w2(2)=6.5183998618e-001; w2(3)=2.1633669228e-001; w2(4)=2.1989395857e-001; w2(5)=-8.0924772540e-001; w2(6)=2.6520408861e-001; w2(7)=9.7212636432e-002; 

