
%liczba neuronów ukrytych: 7, liczba wejœæ sieci: 4
%wejœcie 1: u(k-4)
%wejœcie 2: u(k-5)
%wejœcie 3: y(k-1)
%wejœcie 4: y(k-2)
%uczenie w trybie OE
w10(1,1)=8.9077167465e-001; w1(1,1)=5.9695703292e-001; w1(1,2)=6.1139493148e-001; w1(1,3)=-1.2596876828e-001; w1(1,4)=-2.8490064503e-001; 
w10(2,1)=6.7311481228e-002; w1(2,1)=1.8658052653e-002; w1(2,2)=5.7032433562e-002; w1(2,3)=-6.0458187478e-002; w1(2,4)=-2.9038509644e-001; 
w10(3,1)=4.7571501970e-001; w1(3,1)=3.3053600530e-001; w1(3,2)=4.1367017371e-001; w1(3,3)=-1.5851358281e-001; w1(3,4)=-2.4823743753e-001; 
w10(4,1)=6.1150285178e-002; w1(4,1)=-2.1613522089e-001; w1(4,2)=-1.4677217628e-001; w1(4,3)=-1.6745168463e-001; w1(4,4)=-2.8775181256e-001; 
w10(5,1)=5.9775609074e-002; w1(5,1)=-2.1899183238e-001; w1(5,2)=-2.7710668434e-001; w1(5,3)=-7.6948511135e-002; w1(5,4)=1.5050562565e-001; 
w10(6,1)=3.2063508459e-003; w1(6,1)=-1.2109030559e-001; w1(6,2)=-1.6246280425e-001; w1(6,3)=1.1276507503e-001; w1(6,4)=1.0156020516e-001; 
w10(7,1)=3.2542857488e-002; w1(7,1)=-1.4962052424e-001; w1(7,2)=-1.1241652386e-001; w1(7,3)=-7.7362910233e-002; w1(7,4)=-3.2695169066e-001; 
w20=6.5136505864e-001; w2(1)=-6.4423288386e-001; w2(2)=-3.4256269746e-001; w2(3)=-3.7588985895e-001; w2(4)=-4.6509266319e-001; w2(5)=1.7256350657e-002; w2(6)=1.1415285809e-001; w2(7)=-4.4953214562e-001; 

