
%liczba neuronów ukrytych: 7, liczba wejœæ sieci: 4
%wejœcie 1: u(k-4)
%wejœcie 2: u(k-5)
%wejœcie 3: y(k-1)
%wejœcie 4: y(k-2)
%uczenie w trybie OE
w10(1,1)=9.4813444170e-001; w1(1,1)=3.8509920388e-001; w1(1,2)=5.7227063550e-001; w1(1,3)=-2.0907269014e-002; w1(1,4)=-5.4894082942e-001; 
w10(2,1)=3.4585446238e-002; w1(2,1)=1.0069709856e-001; w1(2,2)=2.4865419408e-001; w1(2,3)=-4.7635505580e-002; w1(2,4)=-2.1496274686e-001; 
w10(3,1)=-3.1746327892e-002; w1(3,1)=1.6381421636e-001; w1(3,2)=1.7967180618e-001; w1(3,3)=1.7106501236e-001; w1(3,4)=2.8074948249e-001; 
w10(4,1)=7.9221900321e-002; w1(4,1)=3.2737724075e-001; w1(4,2)=2.2744031844e-001; w1(4,3)=-2.9958882466e-002; w1(4,4)=-1.9062829252e-001; 
w10(5,1)=-6.7692775476e-003; w1(5,1)=3.9979490401e-002; w1(5,2)=7.4414869416e-002; w1(5,3)=8.5473512214e-002; w1(5,4)=6.0310073525e-002; 
w10(6,1)=-2.6480124489e-002; w1(6,1)=-6.0139494710e-002; w1(6,2)=-7.1890714201e-002; w1(6,3)=6.1312409538e-002; w1(6,4)=2.7455976041e-001; 
w10(7,1)=-2.7710727507e-002; w1(7,1)=-1.1614001155e-001; w1(7,2)=1.1616277755e-001; w1(7,3)=-1.1320280059e-001; w1(7,4)=-2.1552585155e-001; 
w20=6.6861896720e-001; w2(1)=-9.1416910115e-001; w2(2)=-1.7124268746e-001; w2(3)=4.4437825743e-001; w2(4)=-8.7685047484e-002; w2(5)=1.4005052923e-001; w2(6)=2.9480888093e-001; w2(7)=-3.0208002830e-001; 

