
%liczba neuronów ukrytych: 7, liczba wejœæ sieci: 4
%wejœcie 1: u(k-4)
%wejœcie 2: u(k-5)
%wejœcie 3: y(k-1)
%wejœcie 4: y(k-2)
%uczenie w trybie OE
w10(1,1)=6.9552852022e-002; w1(1,1)=-4.5605353460e-002; w1(1,2)=-4.2458761525e-002; w1(1,3)=-3.3445890853e-002; w1(1,4)=6.2318200607e-002; 
w10(2,1)=2.0503655817e-004; w1(2,1)=1.4968076905e-001; w1(2,2)=-1.3429470987e-002; w1(2,3)=4.7524717785e-002; w1(2,4)=8.9048687467e-002; 
w10(3,1)=-9.0850181722e-002; w1(3,1)=1.9528846834e-002; w1(3,2)=1.1784123772e-001; w1(3,3)=-3.9887898777e-002; w1(3,4)=-1.3403817599e-001; 
w10(4,1)=-6.5110607349e-003; w1(4,1)=7.1032442912e-002; w1(4,2)=4.6584580464e-002; w1(4,3)=1.0652835572e-001; w1(4,4)=1.8590904809e-001; 
w10(5,1)=8.9419565153e-001; w1(5,1)=2.0598217360e-001; w1(5,2)=2.8538189430e-001; w1(5,3)=-1.6946763483e-001; w1(5,4)=-5.2077090331e-001; 
w10(6,1)=-4.2210342755e-001; w1(6,1)=-2.2711120903e-001; w1(6,2)=-3.5166158206e-001; w1(6,3)=9.6871838546e-002; w1(6,4)=3.1405642226e-001; 
w10(7,1)=5.9881619939e-001; w1(7,1)=3.5062834740e-001; w1(7,2)=4.0590305406e-001; w1(7,3)=-1.6809566315e-001; w1(7,4)=-3.1315423868e-001; 
w20=8.6781326875e-001; w2(1)=2.5293127712e-002; w2(2)=1.4244304073e-001; w2(3)=-1.1347283162e-001; w2(4)=2.5688572356e-001; w2(5)=-8.0495500640e-001; w2(6)=2.8096421696e-001; w2(7)=-3.9234721063e-001; 

