
%liczba neuronów ukrytych: 1, liczba wejœæ sieci: 4
%wejœcie 1: u(k-4)
%wejœcie 2: u(k-5)
%wejœcie 3: y(k-1)
%wejœcie 4: y(k-2)
%uczenie w trybie OE
w10(1,1)=1.0122046471e+000; w1(1,1)=1.2355942985e+000; w1(1,2)=2.4617921138e+000; w1(1,3)=3.9385188903e-001; w1(1,4)=-4.1186141904e-001; 
w20=9.6547090865e-001; w2(1)=-1.3149427415e+000; 

