
%liczba neuronów ukrytych: 7, liczba wejœæ sieci: 4
%wejœcie 1: u(k-4)
%wejœcie 2: u(k-5)
%wejœcie 3: y(k-1)
%wejœcie 4: y(k-2)
%uczenie w trybie OE
w10(1,1)=8.2482690887e-001; w1(1,1)=4.6063098567e-001; w1(1,2)=4.9249731879e-001; w1(1,3)=-1.3405966364e-001; w1(1,4)=-3.3004421212e-001; 
w10(2,1)=-4.3919085807e-002; w1(2,1)=2.7641624236e-001; w1(2,2)=2.2935057515e-001; w1(2,3)=1.0923252228e-001; w1(2,4)=2.8833345341e-001; 
w10(3,1)=-1.8985597864e-001; w1(3,1)=-1.4416537010e-001; w1(3,2)=-9.5838467408e-002; w1(3,3)=1.6518596845e-001; w1(3,4)=2.2381598515e-001; 
w10(4,1)=-6.9300579719e-002; w1(4,1)=1.5148637604e-001; w1(4,2)=1.2546772973e-001; w1(4,3)=-7.9286866514e-002; w1(4,4)=-8.8956220644e-002; 
w10(5,1)=-2.9653252201e-002; w1(5,1)=9.8187162460e-002; w1(5,2)=1.0890060443e-001; w1(5,3)=-3.8688393693e-002; w1(5,4)=1.2624838074e-001; 
w10(6,1)=-4.1069542555e-002; w1(6,1)=-8.8298816361e-002; w1(6,2)=-2.3264155757e-001; w1(6,3)=2.3621409371e-002; w1(6,4)=2.3124367779e-001; 
w10(7,1)=-4.6140526105e-002; w1(7,1)=2.6939898331e-001; w1(7,2)=8.2396024790e-002; w1(7,3)=1.1903630149e-001; w1(7,4)=1.6805661939e-002; 
w20=7.5950315212e-001; w2(1)=-9.5215670011e-001; w2(2)=4.6542618379e-001; w2(3)=5.5946911215e-001; w2(4)=-1.9749284976e-002; w2(5)=1.5562617180e-001; w2(6)=3.0507779658e-001; w2(7)=1.9534395697e-001; 

