
%liczba neuronów ukrytych: 1, liczba wejœæ sieci: 4
%wejœcie 1: u(k-4)
%wejœcie 2: u(k-5)
%wejœcie 3: y(k-1)
%wejœcie 4: y(k-2)
%uczenie w trybie OE
w10(1,1)=-1.2121509192e+000; w1(1,1)=-3.4030801788e+000; w1(1,2)=-4.6578393965e+000; w1(1,3)=-5.6598676428e-001; w1(1,4)=-3.7855608440e-001; 
w20=9.6740074929e-001; w2(1)=1.2621007360e+000; 

