
%liczba neuronów ukrytych: 1, liczba wejœæ sieci: 4
%wejœcie 1: u(k-4)
%wejœcie 2: u(k-5)
%wejœcie 3: y(k-1)
%wejœcie 4: y(k-2)
%uczenie w trybie OE
w10(1,1)=-1.1626973285e+000; w1(1,1)=-2.9834926724e+000; w1(1,2)=-4.1618737619e+000; w1(1,3)=-4.1861398461e-001; w1(1,4)=-2.9354526723e-001; 
w20=9.6597563109e-001; w2(1)=1.2648294251e+000; 

