
%liczba neuronów ukrytych: 1, liczba wejœæ sieci: 4
%wejœcie 1: u(k-4)
%wejœcie 2: u(k-5)
%wejœcie 3: y(k-1)
%wejœcie 4: y(k-2)
%uczenie w trybie OE
w10(1,1)=8.8097715101e-001; w1(1,1)=4.0353214926e-001; w1(1,2)=7.0004570658e-001; w1(1,3)=-1.4745277219e-002; w1(1,4)=-6.8137472187e-001; 
w20=9.5676884840e-001; w2(1)=-1.4159279767e+000; 

