
%liczba neuronów ukrytych: 1, liczba wejœæ sieci: 4
%wejœcie 1: u(k-4)
%wejœcie 2: u(k-5)
%wejœcie 3: y(k-1)
%wejœcie 4: y(k-2)
%uczenie w trybie OE
w10(1,1)=7.8323209016e-001; w1(1,1)=2.6043109701e-001; w1(1,2)=4.9381018148e-001; w1(1,3)=2.8029118374e-002; w1(1,4)=-6.9400877157e-001; 
w20=9.5889872760e-001; w2(1)=-1.5037921615e+000; 

