
%liczba neuronów ukrytych: 1, liczba wejœæ sieci: 4
%wejœcie 1: u(k-4)
%wejœcie 2: u(k-5)
%wejœcie 3: y(k-1)
%wejœcie 4: y(k-2)
%uczenie w trybie OE
w10(1,1)=9.1006521113e-001; w1(1,1)=4.2105592133e-001; w1(1,2)=8.7153688283e-001; w1(1,3)=-3.0152172643e-002; w1(1,4)=-6.5393915613e-001; 
w20=9.5579538607e-001; w2(1)=-1.3923345055e+000; 

