
%liczba neuronów ukrytych: 7, liczba wejœæ sieci: 4
%wejœcie 1: u(k-4)
%wejœcie 2: u(k-5)
%wejœcie 3: y(k-1)
%wejœcie 4: y(k-2)
%uczenie w trybie OE
w10(1,1)=-9.4853431127e-001; w1(1,1)=-3.9983604618e-001; w1(1,2)=-5.4762691730e-001; w1(1,3)=1.0258239022e-001; w1(1,4)=4.1661301145e-001; 
w10(2,1)=-4.9584461827e-002; w1(2,1)=-8.0744692974e-002; w1(2,2)=-5.3126595548e-003; w1(2,3)=-1.3297725124e-001; w1(2,4)=-1.5887547881e-001; 
w10(3,1)=1.3440435134e-001; w1(3,1)=-2.7125889807e-001; w1(3,2)=-2.1100693729e-001; w1(3,3)=3.5091478060e-002; w1(3,4)=-1.0682032283e-001; 
w10(4,1)=8.3229346545e-003; w1(4,1)=5.8768990829e-002; w1(4,2)=6.6110360906e-002; w1(4,3)=8.7231580400e-002; w1(4,4)=2.8246019320e-001; 
w10(5,1)=-3.4578700915e-002; w1(5,1)=4.7392293251e-004; w1(5,2)=3.1526349285e-002; w1(5,3)=-1.5558850382e-001; w1(5,4)=-1.9386512524e-001; 
w10(6,1)=-7.9550026221e-002; w1(6,1)=6.5704489521e-002; w1(6,2)=2.0980402043e-001; w1(6,3)=-1.0169845395e-001; w1(6,4)=4.0294731643e-004; 
w10(7,1)=2.5467072300e-001; w1(7,1)=3.4675694672e-002; w1(7,2)=1.9052093891e-001; w1(7,3)=-7.4699747247e-002; w1(7,4)=-4.3769394961e-001; 
w20=7.3973223583e-001; w2(1)=8.7062233565e-001; w2(2)=-2.2325087644e-001; w2(3)=-1.8347855507e-001; w2(4)=3.1959627707e-001; w2(5)=-2.9556124077e-001; w2(6)=6.7942547131e-003; w2(7)=-5.2406465897e-001; 

