
%liczba neuronów ukrytych: 7, liczba wejœæ sieci: 4
%wejœcie 1: u(k-4)
%wejœcie 2: u(k-5)
%wejœcie 3: y(k-1)
%wejœcie 4: y(k-2)
%uczenie w trybie OE
w10(1,1)=-1.6880853298e-002; w1(1,1)=-7.2715680318e-003; w1(1,2)=-9.6312673258e-002; w1(1,3)=1.3658075877e-001; w1(1,4)=1.5460407028e-001; 
w10(2,1)=5.3003878748e-001; w1(2,1)=5.7262154396e-001; w1(2,2)=6.3083896853e-001; w1(2,3)=-1.3069151014e-002; w1(2,4)=-2.9248392110e-001; 
w10(3,1)=-2.5599054132e-002; w1(3,1)=1.1777199122e-001; w1(3,2)=1.9972474712e-001; w1(3,3)=8.4694589624e-002; w1(3,4)=6.0736307096e-002; 
w10(4,1)=7.9161516208e-001; w1(4,1)=2.6489927421e-001; w1(4,2)=4.0949700302e-001; w1(4,3)=-1.7251967521e-001; w1(4,4)=-3.6534713115e-001; 
w10(5,1)=8.5443222686e-002; w1(5,1)=-1.8660573125e-001; w1(5,2)=-2.4977121361e-001; w1(5,3)=5.9983041585e-002; w1(5,4)=-1.6757877178e-002; 
w10(6,1)=-4.7251240509e-002; w1(6,1)=-1.8124508445e-001; w1(6,2)=-3.1923119501e-002; w1(6,3)=-7.0661986005e-002; w1(6,4)=-2.3050039255e-001; 
w10(7,1)=-3.0850223217e-002; w1(7,1)=-1.3867628636e-001; w1(7,2)=-5.8702231518e-002; w1(7,3)=-1.4340676353e-001; w1(7,4)=-1.9328519893e-001; 
w20=7.6041893630e-001; w2(1)=3.0527353761e-001; w2(2)=-4.4141836188e-001; w2(3)=1.8092885485e-001; w2(4)=-8.9471947207e-001; w2(5)=-2.1116009485e-001; w2(6)=-3.7630286651e-001; w2(7)=-3.5351744493e-001; 

