
%liczba neuronów ukrytych: 1, liczba wejœæ sieci: 4
%wejœcie 1: u(k-4)
%wejœcie 2: u(k-5)
%wejœcie 3: y(k-1)
%wejœcie 4: y(k-2)
%uczenie w trybie OE
w10(1,1)=7.1073893733e-001; w1(1,1)=1.2027939228e-001; w1(1,2)=4.0666597058e-001; w1(1,3)=5.2350751000e-002; w1(1,4)=-6.7032397291e-001; 
w20=9.7183659443e-001; w2(1)=-1.6080050781e+000; 

