
%liczba neuronów ukrytych: 7, liczba wejœæ sieci: 4
%wejœcie 1: u(k-4)
%wejœcie 2: u(k-5)
%wejœcie 3: y(k-1)
%wejœcie 4: y(k-2)
%uczenie w trybie OE
w10(1,1)=-4.0564052675e-002; w1(1,1)=2.1125932889e-002; w1(1,2)=8.0342606112e-002; w1(1,3)=4.5916367620e-002; w1(1,4)=-2.6937505397e-002; 
w10(2,1)=-1.2355655091e-002; w1(2,1)=8.5450056775e-002; w1(2,2)=7.1936189968e-002; w1(2,3)=-1.7208836051e-002; w1(2,4)=2.4577662810e-001; 
w10(3,1)=6.8408917182e-002; w1(3,1)=-7.3592685875e-002; w1(3,2)=-5.8355793562e-002; w1(3,3)=-1.1216282540e-001; w1(3,4)=-3.6492023682e-001; 
w10(4,1)=-9.1943079471e-002; w1(4,1)=2.1404610879e-001; w1(4,2)=1.5795275946e-001; w1(4,3)=8.2253977375e-002; w1(4,4)=3.7349608776e-001; 
w10(5,1)=8.7975920616e-002; w1(5,1)=-1.8825379457e-001; w1(5,2)=-3.2318135586e-001; w1(5,3)=-6.8282395767e-002; w1(5,4)=6.1517340789e-002; 
w10(6,1)=-7.9797144706e-001; w1(6,1)=-4.3958357397e-001; w1(6,2)=-6.3568241924e-001; w1(6,3)=9.3122065297e-002; w1(6,4)=2.8394291575e-001; 
w10(7,1)=1.6676078649e-002; w1(7,1)=4.5980395641e-001; w1(7,2)=4.4870369249e-001; w1(7,3)=-2.3097265681e-002; w1(7,4)=-1.1616113822e-001; 
w20=6.4793045249e-001; w2(1)=7.7043120886e-003; w2(2)=2.3815413270e-001; w2(3)=-6.6848418326e-001; w2(4)=4.9813518869e-001; w2(5)=-1.9433370800e-003; w2(6)=8.7763769676e-001; w2(7)=-1.9226811801e-001; 

