
%liczba neuronów ukrytych: 1, liczba wejœæ sieci: 4
%wejœcie 1: u(k-4)
%wejœcie 2: u(k-5)
%wejœcie 3: y(k-1)
%wejœcie 4: y(k-2)
%uczenie w trybie OE
w10(1,1)=-7.7871715645e-001; w1(1,1)=-2.4234399900e-001; w1(1,2)=-5.1880939799e-001; w1(1,3)=-2.8599126013e-002; w1(1,4)=6.8771810329e-001; 
w20=9.5922624331e-001; w2(1)=1.5085495641e+000; 

