
%liczba neuronów ukrytych: 7, liczba wejœæ sieci: 4
%wejœcie 1: u(k-4)
%wejœcie 2: u(k-5)
%wejœcie 3: y(k-1)
%wejœcie 4: y(k-2)
%uczenie w trybie OE
w10(1,1)=7.1072609567e-002; w1(1,1)=-1.2948051138e-001; w1(1,2)=1.5242929992e-002; w1(1,3)=3.1790764008e-002; w1(1,4)=6.0027409892e-003; 
w10(2,1)=-6.6268394512e-002; w1(2,1)=5.5672179214e-002; w1(2,2)=-1.0724616864e-002; w1(2,3)=-5.6647777842e-002; w1(2,4)=5.4142475266e-002; 
w10(3,1)=-3.2790583097e-001; w1(3,1)=-9.8276059711e-002; w1(3,2)=-1.2995727117e-001; w1(3,3)=1.5440011613e-001; w1(3,4)=3.3977332069e-001; 
w10(4,1)=4.7611375297e-001; w1(4,1)=5.0542128242e-002; w1(4,2)=1.8084016670e-001; w1(4,3)=-1.8857323205e-001; w1(4,4)=-4.1184333259e-001; 
w10(5,1)=-9.4117662435e-002; w1(5,1)=6.9570044069e-002; w1(5,2)=8.1934460742e-003; w1(5,3)=-5.8062742170e-002; w1(5,4)=-1.6190979843e-001; 
w10(6,1)=-8.4471869859e-002; w1(6,1)=-3.4802084449e-002; w1(6,2)=1.0306468235e-001; w1(6,3)=-3.1887095301e-002; w1(6,4)=-2.2291029019e-002; 
w10(7,1)=-9.8752116368e-001; w1(7,1)=-3.0155033597e-001; w1(7,2)=-4.5096665433e-001; w1(7,3)=1.5535173577e-001; w1(7,4)=5.0394637673e-001; 
w20=8.8782557904e-001; w2(1)=-2.6783379721e-002; w2(2)=3.8042294371e-002; w2(3)=3.4833848215e-001; w2(4)=-4.7888824103e-001; w2(5)=-1.5215582796e-001; w2(6)=-3.1717125288e-002; w2(7)=7.9854104328e-001; 

